-0.358131	0
-0.12682	0
0.139127	0
-0.358703	0.943136
-0.137711	0.906024
0.130529	0.630872
-0.358499	-0.761491
-0.160142	0.165933
0.101989	-0.728977
-0.358319	0.999704
-0.183184	-0.999964
0.0753232	-0.927502
-0.358136	-0.873825
-0.207337	0.997674
0.0494627	0.981507
-0.357147	0.999742
-0.243809	0.0864886
0.00184721	-0.513987
-0.356151	-0.795987
-0.281813	-0.943383
-0.0459316	-0.523016
-0.355147	0.999368
-0.321576	0.999148
-0.0944839	0.994677
-0.353331	-0.852118
-0.374305	0.950822
-0.166612	-0.255474
-0.351503	0.999868
-0.429406	-1
-0.241054	-0.99691
-0.34982	-0.869341
-0.485042	0.987441
-0.314327	0.980748
-0.347487	0.99973
-0.552203	-0.2945
-0.409022	-0.367975
-0.344758	-0.85726
-0.62785	0.895847
-0.519267	0.860472
-0.341799	0.999715
-0.710126	-0.669517
-0.641653	-0.295527
-0.338204	-0.894433
-0.804698	0.999588
-0.788082	0.99334
-0.334356	0.999772
-0.907114	-0.845401
-0.950104	-0.349663
-0.33026	-0.901758
-1.01766	0.999744
-1.12867	0.997517
-0.301369	0.999787
0.0596823	-0.963791
-0.0294057	-0.371697
-0.298807	-0.917621
0.0553517	0.999751
-0.0375128	0.983686
-0.296064	0.99978
0.0488538	-0.984031
-0.051052	-0.938914
-0.293928	-0.885521
0.0510488	0.594243
-0.0483729	0.806485
-0.291794	0.999671
0.0535807	-0.58984
-0.0461913	-0.593444
-0.289664	-0.88201
0.0564632	0.181936
-0.0444827	0.462176
-0.287529	0.99963
0.0596211	-0.0393464
-0.0434124	-0.0123599
-0.285209	-0.883163
0.0605744	0.136642
-0.0479677	-0.134203
-0.283498	0.999741
0.0702995	-0.999101
-0.0362443	-0.857917
-0.282416	-0.899468
0.0891507	0.863664
-0.00750608	0.867376
-0.28176	0.999723
0.114435	-0.976864
0.0329788	-0.91515
-0.281654	-0.896505
0.14798	0.719949
0.0890607	0.80408
-0.28159	0.999692
0.182984	-0.879342
0.147373	-0.824534
-0.281392	-0.898183
0.217216	0.801895
0.203713	0.758823
-0.28133	0.999714
0.25459	-0.964055
0.266185	-0.914646
-0.281182	-0.901141
0.292288	0.884655
0.329443	0.803756
-0.280787	0.999719
0.328314	-0.962773
0.389813	-0.938311
-0.279978	-0.902612
0.360599	0.911535
0.443476	0.790963
-0.27869	0.99972
0.388489	-0.962736
0.489417	-0.949749
-0.276824	-0.905194
0.410793	0.935994
0.52553	0.78748
-0.274345	0.999719
0.427198	-0.963063
0.551391	-0.957404
-0.271222	-0.908316
0.437402	0.947004
0.566551	0.783646
-0.267447	0.999716
0.441356	-0.964251
0.570983	-0.961234
-0.263015	-0.912032
0.439021	0.949062
0.564622	0.780172
-0.257946	0.99971
0.430646	-0.968199
0.547902	-0.963138
-0.252253	-0.916303
0.416351	0.943267
0.520936	0.778209
-0.246	0.999701
0.396909	-0.973861
0.48507	-0.963443
-0.23924	-0.920934
0.372913	0.926408
0.441249	0.776069
-0.232105	0.999689
0.346014	-0.979127
0.392487	-0.961549
-0.224755	-0.925718
0.318189	0.892275
0.342436	0.772186
-0.217324	0.999671
0.291142	-0.981001
0.294233	-0.95502
-0.210045	-0.930567
0.267867	0.843023
0.253614	0.768147
-0.202943	0.999647
0.248605	-0.97692
0.220862	-0.940648
-0.196138	-0.935501
0.234872	0.807905
0.198864	0.768662
-0.189594	0.999621
0.226109	-0.969982
0.186406	-0.925205
-0.18333	-0.940323
0.22252	0.806489
0.183853	0.773872
-0.17733	0.999601
0.223869	-0.967465
0.190744	-0.921124
-0.171557	-0.944812
0.229667	0.828898
0.206161	0.781894
-0.165985	0.999583
0.239573	-0.96748
0.229531	-0.926196
-0.160512	-0.94898
0.252246	0.86495
0.258321	0.791148
-0.15508	0.999566
0.266956	-0.967434
0.291259	-0.93508
-0.149522	-0.952917
0.2815	0.90259
0.324153	0.801027
-0.143746	0.999546
0.294713	-0.964855
0.354904	-0.942487
-0.137604	-0.956674
0.304653	0.930468
0.379857	0.80964
-0.131013	0.99952
0.310226	-0.959098
0.39703	-0.945936
-0.123903	-0.960266
0.310517	0.945192
0.404755	0.815057
-0.116233	0.999487
0.304965	-0.953295
0.402019	-0.946116
-0.107988	-0.963737
0.293349	0.949638
0.388418	0.818741
-0.0991719	0.999446
0.275617	-0.951619
0.363819	-0.944245
-0.0898131	-0.967132
0.252067	0.946505
0.328716	0.824004
-0.0799599	0.999396
0.223205	-0.954851
0.28396	-0.940467
-0.0697146	-0.970412
0.190259	0.93532
0.231785	0.831454
-0.059188	0.999335
0.154554	-0.960289
0.174595	-0.933824
-0.0485802	-0.973501
0.118636	0.914548
0.11722	0.839785
-0.0380265	0.99926
0.0841634	-0.963131
0.0627195	-0.921972
-0.0277034	-0.976354
0.0533776	0.890146
0.0153472	0.848673
-0.0176855	0.999171
0.0271331	-0.960656
-0.0233819	-0.904254
-0.00804134	-0.978956
0.006224	0.878872
-0.0520299	0.858991
0.00120362	0.999075
-0.00911816	-0.95652
-0.0702275	-0.888847
0.0100435	-0.981268
-0.0189019	0.886962
-0.0780294	0.870123
0.0184833	0.998979
-0.0232561	-0.953208
-0.075671	-0.882748
0.0265581	-0.983264
-0.0226908	0.906531
-0.0640925	0.880131
0.0343279	0.998879
-0.0180336	-0.947044
-0.0448182	-0.882501
0.0418844	-0.984982
-0.0105282	0.929337
-0.0201612	0.887605
0.0493506	0.998771
-0.00183387	-0.934297
0.00676072	-0.883276
0.0568686	-0.986461
0.00613254	0.947393
0.0323271	0.891172
0.0645708	0.998648
0.0115831	-0.913187
0.0531685	-0.88141
0.0725643	-0.987738
0.0130669	0.956238
0.0665645	0.889269
0.0809202	0.998508
0.00960776	-0.890728
0.0707053	-0.876635
0.0896664	-0.98889
0.000797031	0.957883
0.0648637	0.885086
0.098816	0.998349
-0.0135972	-0.879328
0.0486097	-0.870385
0.108345	-0.990008
-0.0333242	0.957437
0.0224208	0.886644
0.118224	0.998165
-0.0580929	-0.881899
-0.0132011	-0.862801
0.128385	-0.991095
-0.0871248	0.956573
-0.0568278	0.895769
0.138745	0.997955
-0.119399	-0.895395
-0.106588	-0.853792
0.149201	-0.992117
-0.153715	0.955374
-0.160286	0.909401
0.159596	0.997716
-0.188094	-0.914026
-0.214186	-0.843952
0.169828	-0.993036
-0.221337	0.954124
-0.266126	0.92338
0.179732	0.997453
-0.251355	-0.930296
-0.312163	-0.833785
0.18924	-0.993827
-0.277405	0.953815
-0.351019	0.934672
0.198255	0.997169
-0.298336	-0.939825
-0.38057	-0.823719
0.206754	-0.99449
-0.313947	0.956394
-0.400539	0.942829
0.214705	0.996871
-0.323896	-0.942098
-0.410305	-0.814825
0.222121	-0.995039
-0.328448	0.962403
-0.410394	0.948471
0.229015	0.996563
-0.327792	-0.936516
-0.401127	-0.807131
0.235448	-0.995492
-0.322765	0.97014
-0.384054	0.951913
0.241488	0.996243
-0.31425	-0.920119
-0.360775	-0.798839
0.247248	-0.99586
-0.303758	0.97678
-0.334112	0.952662
0.252872	0.995908
-0.293191	-0.889122
-0.307664	-0.788329
0.258467	-0.996149
-0.283931	0.979698
-0.284	0.949133
0.264186	0.99556
-0.278046	-0.849166
-0.267093	-0.777045
0.270054	-0.996378
-0.27582	0.978234
-0.25738	0.941048
0.276138	0.995205
-0.278186	-0.82212
-0.25665	-0.768551
0.282416	-0.996602
-0.284833	0.975738
-0.264244	0.934863
0.288876	0.994837
-0.295645	-0.820103
-0.279939	-0.763521
0.295495	-0.996847
-0.310364	0.975707
-0.303275	0.93662
0.302197	0.994452
-0.328047	-0.837897
-0.332458	-0.761086
0.308953	-0.997096
-0.34838	0.977324
-0.366997	0.944116
0.315628	0.994053
-0.369645	-0.867214
-0.40362	-0.760988
0.322176	-0.997329
-0.391352	0.979133
-0.441531	0.953137
0.328454	0.993652
-0.411684	-0.897384
-0.477313	-0.762885
0.334402	-0.99753
-0.429946	0.979935
-0.509774	0.960257
0.339929	0.993261
-0.445027	-0.920283
-0.536903	-0.765568
0.344977	-0.99769
-0.456254	0.979675
-0.557522	0.964512
0.349508	0.992889
-0.463171	-0.933576
-0.570867	-0.767858
0.353489	-0.997814
-0.465381	0.979242
-0.576242	0.966488
0.356907	0.992548
-0.462748	-0.938172
-0.573422	-0.769527
0.359764	-0.997907
-0.455241	0.979581
-0.562343	0.966876
0.362064	0.992247
-0.442904	-0.934768
-0.543039	-0.77094
0.363844	-0.997973
-0.426129	0.980913
-0.516188	0.965875
0.365137	0.99199
-0.405266	-0.922125
-0.482337	-0.772144
0.366018	-0.998014
-0.381177	0.982524
-0.443022	0.963005
0.366579	0.991776
-0.354976	-0.897256
-0.400251	-0.772976
0.366904	-0.998028
-0.327637	0.982897
-0.355761	0.956726
0.367162	0.991607
-0.301312	-0.860266
-0.313629	-0.774398
0.367386	-0.998015
-0.276274	0.980123
-0.274218	0.944561
0.367726	0.991487
-0.254449	-0.824903
-0.241215	-0.779071
0.368155	-0.99799
-0.235348	0.974083
-0.213507	0.927607
0.36874	0.991412
-0.219763	-0.809382
-0.192588	-0.787865
0.369455	-0.997981
-0.207264	0.968942
-0.17753	0.914324
0.370312	0.991357
-0.197939	-0.812887
-0.168481	-0.79873
0.371296	-0.997991
-0.191512	0.966319
-0.164892	0.908409
0.372383	0.991305
-0.187641	-0.828485
-0.166108	-0.809855
0.373551	-0.998012
-0.185994	0.965005
-0.171527	0.908183
0.374748	0.991254
-0.185831	-0.850752
-0.179743	-0.820354
0.375941	-0.998037
-0.186703	0.964013
-0.18996	0.911163
0.377052	0.991208
-0.187549	-0.874111
-0.200164	-0.829994
0.378043	-0.99806
-0.187828	0.962478
-0.209382	0.914495
0.378833	0.991176
-0.18645	-0.893551
-0.215544	-0.838588
0.379387	-0.998076
-0.182916	0.960272
-0.217745	0.916103
0.379654	0.991162
-0.1765	-0.905883
-0.2146	-0.846053
0.379616	-0.99808
-0.166904	0.958147
-0.205555	0.915015
0.379266	0.991174
-0.153983	-0.910241
-0.190325	-0.852752
0.378609	-0.998073
-0.137739	0.957139
-0.168888	0.910974
0.37769	0.991216
-0.118671	-0.907166
-0.142177	-0.859415
0.376541	-0.998054
-0.0971203	0.95742
-0.110777	0.903709
0.375246	0.991288
-0.0741323	-0.898136
-0.0766649	-0.866586
0.373861	-0.998026
-0.0503237	0.958042
-0.0409406	0.892836
0.372479	0.991386
-0.0268647	-0.886669
-0.0058059	-0.874475
0.371162	-0.997992
-0.00445803	0.958151
0.0274703	0.879049
0.369977	0.991498
0.0160909	-0.87847
0.0574058	-0.883044
0.368979	-0.997961
0.0341489	0.958128
0.0828446	0.865586
0.3682	0.99161
0.0493747	-0.877501
0.103195	-0.891734
0.36768	-0.997939
0.0613097	0.958395
0.1176	0.856129
0.367422	0.991701
0.0699708	-0.883698
0.126126	-0.899584
0.367439	-0.99793
0.075223	0.958219
0.128503	0.851638
0.36771	0.991761
0.0774177	-0.895454
0.125398	-0.905999
0.368215	-0.997931
0.0768352	0.956782
0.117309	0.851291
0.368899	0.991787
0.0742113	-0.910175
0.105616	-0.910878
0.369712	-0.997939
0.0702403	0.953507
0.0915997	0.853131
0.370574	0.991786
0.066006	-0.924473
0.0773085	-0.914324
0.371418	-0.99795
0.0624172	0.948519
0.0644423	0.854908
0.372162	0.991765
0.0605686	-0.935172
0.055082	-0.916512
0.372754	-0.99796
0.0611939	0.943435
0.0506079	0.855136
0.373146	0.991736
0.0649376	-0.940716
0.05225	-0.917977
0.373323	-0.997968
0.0720451	0.941194
0.0604747	0.853563
0.373288	0.991713
0.0825016	-0.941323
0.0752659	-0.91977
0.373074	-0.997973
0.0959312	0.94367
0.0959214	0.850492
0.372733	0.991706
0.111682	-0.937838
0.121221	-0.922637
0.372343	-0.997976
0.12876	0.949588
0.149288	0.845877
0.371988	0.991706
0.146117	-0.93134
0.178157	-0.926287
0.371767	-0.997979
0.162484	0.955732
0.205425	0.839414
0.371755	0.9917
0.176921	-0.924439
0.229345	-0.930023
0.37203	-0.997985
0.188436	0.959902
0.248056	0.832071
0.372631	0.991673
0.196555	-0.92105
0.260699	-0.933403
0.373598	-0.997999
0.200793	0.961818
0.266368	0.826723
0.374932	0.991609
0.20115	-0.923082
0.26508	-0.936041
0.376632	-0.998025
0.197656	0.961476
0.256871	0.825158
0.378661	0.991496
0.190769	-0.929827
0.242599	-0.937665
0.380977	-0.998061
0.181061	0.958574
0.223314	0.826874
0.383505	0.991332
0.169489	-0.938974
0.200805	-0.938178
0.386161	-0.998104
0.157153	0.953053
0.177143	0.830207
0.388849	0.991121
0.145286	-0.947193
0.154654	-0.93748
0.391475	-0.99815
0.135146	0.946128
0.135732	0.833429
0.393965	0.990873
0.127666	-0.951725
0.122138	-0.935633
0.39626	-0.998196
0.123632	0.94129
0.115375	0.835919
0.398343	0.990605
0.123271	-0.951609
0.115867	-0.933415
0.400211	-0.998242
0.126588	0.942127
0.123633	0.83783
0.401906	0.99034
0.133054	-0.947074
0.137666	-0.932012
0.403485	-0.998286
0.141892	0.948308
0.156497	0.838846
0.405038	0.990077
0.151943	-0.93829
0.177929	-0.931654
0.406657	-0.998328
0.16196	0.955768
0.199597	0.837718
0.408441	0.989804
0.170649	-0.926507
0.219059	-0.931659
0.410472	-0.998368
0.176948	0.960904
0.234323	0.833862
0.412811	0.989503
0.180028	-0.916114
0.243846	-0.931582
0.415498	-0.998412
0.179363	0.963171
0.246654	0.830058
0.418553	0.989155
0.17468	-0.911285
0.24225	-0.931081
0.421974	-0.998463
0.165972	0.963282
0.230622	0.830023
0.425744	0.988734
0.153414	-0.912496
0.212079	-0.929627
0.42982	-0.998521
0.13754	0.961313
0.187614	0.834399
0.434149	0.988231
0.118983	-0.918311
0.158383	-0.926917
0.438646	-0.998584
0.0988087	0.957431
0.126386	0.842141
0.443227	0.987646
0.0780394	-0.925489
0.0935251	-0.92275
0.447791	-0.998648
0.0579733	0.952375
0.0622537	0.851113
0.452254	0.986989
0.0396305	-0.93037
0.034481	-0.917099
0.456541	-0.99871
0.0239813	0.948242
0.0120379	0.859549
0.460605	0.986285
0.0115519	-0.93041
-0.00410255	-0.910457
0.464415	-0.998768
0.00270645	0.947557
-0.0132556	0.866481
0.467979	0.985563
-0.00271616	-0.924583
-0.0157476	-0.903904
0.47131	-0.99882
-0.00491808	0.950833
-0.0119487	0.871212
0.474466	0.98484
-0.00473126	-0.912101
-0.00345294	-0.898096
0.477492	-0.998866
-0.00277774	0.955716
0.00859292	0.872549
0.48048	0.984112
-0.000307633	-0.892672
0.0218063	-0.892729
0.483483	-0.998906
0.00195556	0.959167
0.0348657	0.869322
0.486583	0.983369
0.00288842	-0.869398
0.0456511	-0.887408
0.489815	-0.998942
0.00201242	0.960147
0.0533212	0.862742
0.493226	0.982595
-0.00134791	-0.848427
0.0566261	-0.881953
0.49683	-0.998978
-0.00737551	0.95987
0.0552785	0.857239
-0.149719	0.981756
-0.0989787	-0.83291
0.157381	-0.875705
-0.149572	-0.954939
-0.10642	0.990067
0.151509	0.942894
-0.148636	0.999452
-0.125413	-0.0340777
0.125588	-0.630548
-0.147698	-0.938858
-0.145167	-0.90512
0.10111	-0.487306
-0.146757	0.999061
-0.165812	0.999218
0.0777376	0.992159
-0.14501	-0.956313
-0.198562	0.968755
0.0329429	-0.381177
-0.143257	0.999772
-0.232557	-1
-0.0116064	-0.998899
-0.141526	-0.962001
-0.267607	0.993473
-0.0556804	0.973994
-0.139015	0.99945
-0.314929	-0.091033
-0.122027	-0.527794
-0.136495	-0.946802
-0.364242	-0.596345
-0.190091	0.0197428
-0.133962	0.998962
-0.415839	0.999851
-0.260712	0.994596
-0.130616	-0.957741
-0.480864	0.921086
-0.356718	-0.283647
-0.127254	0.999742
-0.548923	-1
-0.457383	-0.996971
-0.124527	-0.963113
-0.611726	0.972515
-0.546269	0.978552
-0.121757	0.999429
-0.678623	-0.635058
-0.642607	-0.39084
-0.118299	-0.967978
-0.758344	0.997366
-0.764316	0.983906
-0.114664	0.999455
-0.844723	-0.86693
-0.899454	-0.442299
-0.11085	-0.971801
-0.938104	0.99946
-1.04904	0.99612
0.209616	0.999472
-0.0475017	-0.955555
-0.0875416	-0.443094
0.210013	-0.996184
-0.0519421	0.999871
-0.101598	0.986847
0.210886	0.99682
-0.0632754	-0.925824
-0.130018	-0.893009
0.21148	-0.994565
-0.0711211	0.872101
-0.15226	0.859133
0.211529	0.996799
-0.0718311	-0.944498
-0.161213	-0.868235
0.211061	-0.99467
-0.0658089	0.904585
-0.157785	0.879537
0.210005	0.996866
-0.0520408	-0.960489
-0.139984	-0.891225
0.208351	-0.994601
-0.030298	0.896809
-0.107296	0.875366
0.206184	0.996882
-0.00162897	-0.950705
-0.061677	-0.889383
0.20357	-0.994528
0.0332357	0.915934
-0.00437346	0.868451
0.200627	0.996958
0.0728399	-0.945484
0.0619705	-0.903664
0.197528	-0.994428
0.115034	0.938754
0.133369	0.860754
0.194483	0.997035
0.157161	-0.930675
0.204851	-0.916042
0.191732	-0.994305
0.196154	0.955762
0.270641	0.846944
0.189414	0.997103
0.230331	-0.911619
0.327723	-0.925758
0.187657	-0.994179
0.258154	0.963587
0.373337	0.826905
0.186502	0.99716
0.279209	-0.901966
0.406912	-0.933603
0.185999	-0.994107
0.292982	0.967646
0.427604	0.812617
0.186154	0.997192
0.299454	-0.903942
0.435482	-0.939323
0.186979	-0.994107
0.298507	0.969097
0.430334	0.808445
0.188463	0.997192
0.290292	-0.91431
0.412402	-0.942604
0.190589	-0.99417
0.274979	0.96681
0.381883	0.811413
0.193308	0.997164
0.253148	-0.932037
0.339719	-0.94412
0.196551	-0.994283
0.225621	0.959253
0.287265	0.81937
0.200172	0.99711
0.194202	-0.95154
0.227792	-0.943933
0.20397	-0.994417
0.161492	0.941164
0.166139	0.825998
0.20771	0.997029
0.13053	-0.965895
0.108041	-0.940834
0.211139	-0.99455
0.104637	0.909333
0.0598282	0.828334
0.214134	0.996914
0.0853694	-0.969701
0.0243569	-0.931438
0.216594	-0.994681
0.073998	0.880265
0.00398168	0.829042
0.21851	0.99679
0.0705851	-0.965763
-0.00128127	-0.919003
0.219876	-0.994812
0.0752168	0.878589
0.00871755	0.831689
0.220723	0.99671
0.087466	-0.961701
0.0331867	-0.915913
0.221103	-0.99493
0.106695	0.900851
0.0709943	0.835742
0.22111	0.99667
0.131707	-0.956542
0.119964	-0.921773
0.22091	-0.995034
0.160365	0.931851
0.176091	0.839511
0.220697	0.996639
0.190138	-0.944046
0.234636	-0.928843
0.220723	-0.995122
0.21773	0.955656
0.289355	0.838828
0.221167	0.996589
0.240853	-0.920666
0.336026	-0.932545
0.222156	-0.99519
0.257895	0.965679
0.37175	0.827443
0.223752	0.996522
0.268119	-0.899692
0.395315	-0.934298
0.225992	-0.995279
0.27108	0.968624
0.40602	0.814947
0.228887	0.996431
0.266637	-0.892705
0.403698	-0.935118
0.232445	-0.995427
0.254675	0.969639
0.388146	0.81445
0.236659	0.996295
0.235198	-0.894267
0.359313	-0.933467
0.241499	-0.995616
0.208481	0.966811
0.31761	0.820841
0.246927	0.996117
0.174899	-0.908177
0.263567	-0.929931
0.252853	-0.995846
0.135477	0.961013
0.198953	0.837039
0.259164	0.99589
0.0915306	-0.92675
0.12606	-0.92369
0.265643	-0.996086
0.045786	0.948139
0.0499832	0.854138
0.27207	0.995623
0.0010442	-0.944684
-0.0240371	-0.914221
0.278222	-0.996322
-0.0398743	0.928947
-0.0907037	0.869907
0.283932	0.995314
-0.074927	-0.952746
-0.146241	-0.898989
0.289114	-0.996536
-0.103097	0.91219
-0.188877	0.882137
0.29371	0.994994
-0.123771	-0.952404
-0.217575	-0.88078
0.297705	-0.99673
-0.136861	0.911895
-0.232266	0.892979
0.301092	0.994715
-0.142354	-0.949225
-0.232956	-0.869703
0.303887	-0.996896
-0.140512	0.92583
-0.220102	0.902018
0.306135	0.994479
-0.131937	-0.941087
-0.194769	-0.866344
0.3079	-0.997029
-0.117461	0.945011
-0.158402	0.907762
0.309331	0.994264
-0.0990513	-0.919947
-0.11466	-0.864565
0.310577	-0.997128
-0.0786679	0.960629
-0.0671555	0.907486
0.311877	0.994046
-0.059507	-0.876043
-0.0219633	-0.85981
0.31337	-0.997181
-0.043354	0.965187
0.0176497	0.894009
0.315188	0.99383
-0.0319613	-0.820043
0.0484542	-0.85322
0.317353	-0.997207
-0.0255573	0.959459
0.0702233	0.867092
0.319897	0.993625
-0.0245561	-0.787561
0.0823158	-0.848393
0.322842	-0.997274
-0.0292571	0.957764
0.0842649	0.853445
0.326197	0.993383
-0.0398157	-0.768905
0.075838	-0.842367
0.329946	-0.997366
-0.0560533	0.955909
0.0574161	0.849949
0.33408	0.993089
-0.0779614	-0.765833
0.0289818	-0.83257
0.338567	-0.997488
-0.105211	0.95666
-0.00888718	0.860752
0.343382	0.992735
-0.137615	-0.773853
-0.0559502	-0.818224
0.348464	-0.997627
-0.174521	0.958135
-0.111077	0.879936
0.353745	0.992337
-0.215191	-0.798861
-0.173001	-0.800843
0.359175	-0.997785
-0.25918	0.963764
-0.241086	0.907399
0.364601	0.991918
-0.304631	-0.837508
-0.311879	-0.784171
0.369976	-0.997947
-0.351176	0.970548
-0.384953	0.934007
0.375069	0.991518
-0.395926	-0.88227
-0.454849	-0.771375
0.379833	-0.998093
-0.438533	0.976222
-0.521196	0.954063
0.384112	0.991165
-0.477157	-0.918346
-0.580664	-0.762304
0.387855	-0.998205
-0.511367	0.978988
-0.632684	0.96576
0.391009	0.990875
-0.540667	-0.94077
-0.676551	-0.754424
0.393536	-0.998283
-0.564764	0.98016
-0.711906	0.972098
0.395421	0.990659
-0.58363	-0.952559
-0.738875	-0.746854
0.39665	-0.998332
-0.597189	0.981212
-0.757437	0.975668
0.397217	0.990533
-0.605485	-0.957501
-0.767766	-0.74028
0.397127	-0.998357
-0.608627	0.982776
-0.770107	0.977719
0.39638	0.990506
-0.606634	-0.957538
-0.764486	-0.735401
0.395	-0.998359
-0.599821	0.984824
-0.751466	0.978734
0.39299	0.990579
-0.588173	-0.952838
-0.730918	-0.732179
0.390407	-0.998338
-0.572362	0.987064
-0.704023	0.978852
0.38726	0.990743
-0.552398	-0.942085
-0.670626	-0.730089
0.383648	-0.998294
-0.529462	0.989043
-0.632859	0.97793
0.379599	0.990984
-0.503781	-0.922851
-0.59095	-0.728713
0.375232	-0.998224
-0.476764	0.990166
-0.547476	0.9754
0.370622	0.99129
-0.449278	-0.893654
-0.503923	-0.728613
0.365846	-0.998122
-0.422161	0.989751
-0.461775	0.970143
0.361038	0.991649
-0.397085	-0.859594
-0.424165	-0.731853
0.356201	-0.997989
-0.373921	0.987175
-0.3907	0.961247
0.351453	0.992053
-0.354159	-0.835848
-0.364228	-0.74071
0.346748	-0.997841
-0.337066	0.982914
-0.343213	0.950811
0.342133	0.992483
-0.323163	-0.833552
-0.328652	-0.75459
0.33756	-0.997698
-0.311734	0.979067
-0.319103	0.943585
0.333016	0.992918
-0.302515	-0.848076
-0.314063	-0.770876
0.328456	-0.997558
-0.294856	0.976206
-0.312278	0.940522
0.323828	0.993348
-0.287995	-0.870319
-0.312296	-0.787737
0.319083	-0.997412
-0.281219	0.973432
-0.312773	0.939506
0.314156	0.993769
-0.273592	-0.892277
-0.311927	-0.80388
0.308996	-0.997247
-0.264378	0.969965
-0.308371	0.9382
0.303555	0.994181
-0.252851	-0.908511
-0.300723	-0.818347
0.297794	-0.997054
-0.238427	0.965853
-0.287872	0.935105
0.291703	0.994583
-0.220851	-0.916938
-0.269319	-0.830893
0.285268	-0.996826
-0.199852	0.962062
-0.244515	0.929603
0.278525	0.994975
-0.175764	-0.917856
-0.214073	-0.842249
0.27149	-0.996558
-0.148697	0.959502
-0.178138	0.921336
0.264246	0.995357
-0.119609	-0.912774
-0.138512	-0.853512
0.256839	-0.996246
-0.0889747	0.957989
-0.0960155	0.909816
0.249376	0.995725
-0.0580925	-0.904734
-0.0531079	-0.865382
0.24192	-0.995892
-0.0276444	0.956601
-0.0110106	0.895049
0.234559	0.996076
0.00132946	-0.898984
0.0283324	-0.878011
0.227353	-0.995506
0.0281513	0.955132
0.0636868	0.879094
0.22035	0.996403
0.0523429	-0.900274
0.0941994	-0.890944
0.213597	-0.995104
0.0733737	0.953998
0.118885	0.865602
0.207103	0.996699
0.0912489	-0.909028
0.137799	-0.903158
0.200892	-0.994696
0.10575	0.952439
0.15052	0.856169
0.194939	0.996962
0.117296	-0.922599
0.157866	-0.913732
0.189232	-0.99428
0.126125	0.948838
0.160261	0.849602
0.183714	0.997193
0.1331	-0.937588
0.159353	-0.922312
0.178335	-0.993849
0.138932	0.941901
0.156471	0.843655
0.17301	0.997396
0.144824	-0.950562
0.153915	-0.928838
0.167674	-0.993395
0.151722	0.931735
0.153481	0.836294
0.162251	0.997575
0.160725	-0.959353
0.157278	-0.933516
0.156694	-0.992911
0.172512	0.921697
0.166606	0.827013
0.150968	0.997738
0.187645	-0.964026
0.182561	-0.937398
0.14508	-0.992399
0.206119	0.917664
0.205142	0.816883
0.139039	0.997892
0.227903	-0.966185
0.234336	-0.942208
0.132918	-0.991863
0.252125	0.922731
0.268483	0.807276
0.126764	0.998039
0.27828	-0.967163
0.306686	-0.9485
0.120702	-0.99131
0.304812	0.933956
0.345981	0.798756
0.114801	0.998175
0.330928	-0.967417
0.384937	-0.955051
0.109178	-0.990753
0.355179	0.945451
0.420827	0.790856
0.103898	0.998294
0.37684	-0.967562
0.452355	-0.960577
0.0990297	-0.990205
0.395113	0.953382
0.478071	0.783037
0.0946059	0.998394
0.409664	-0.968761
0.497407	-0.964791
0.0906552	-0.989685
0.420202	0.956952
0.50986	0.775592
0.0871711	0.998477
0.426882	-0.971667
0.515759	-0.96791
0.0841577	-0.98921
0.429692	0.956361
0.515076	0.768874
0.0815661	0.998543
0.42931	-0.975856
0.509108	-0.970138
0.0793806	-0.988787
0.425946	0.951552
0.498196	0.762555
0.0775128	0.998595
0.420776	-0.980233
0.484578	-0.971543
0.0759233	-0.988418
0.414297	0.942521
0.469129	0.756167
0.0745123	0.998633
0.407822	-0.983645
0.454352	-0.972063
0.0732202	-0.988104
0.402118	0.930961
0.441668	0.750175
0.071979	0.99866
0.398073	-0.985448
0.432767	-0.971699
0.0707384	-0.98785
0.396345	0.921921
0.428901	0.746357
0.06948	0.998679
0.397173	-0.985677
0.430522	-0.970896
0.0682011	-0.987663
0.4006	0.921306
0.437726	0.746536
0.0669301	0.998693
0.40626	-0.984708
0.449824	-0.970441
0.0657159	-0.987546
0.413523	0.929869
0.465643	0.750965
0.0646309	0.998704
0.421451	-0.982671
0.483408	-0.970531
0.063741	-0.987497
0.429201	0.942444
0.50157	0.758133
0.0631507	0.998708
0.435408	-0.979374
0.517545	-0.970563
0.062907	-0.987514
0.439476	0.95326
0.53028	0.765722
0.0631062	0.998703
0.440132	-0.975133
0.537366	-0.97001
0.0637698	-0.9876
0.437087	0.959595
0.538319	0.772172
0.0649506	0.998688
0.429611	-0.971369
0.531749	-0.968798
0.0666514	-0.987762
0.417617	0.961211
0.51749	0.777875
0.068876	0.998662
0.400976	-0.969684
0.495257	-0.966949
0.0716076	-0.988006
0.379803	0.958254
0.465192	0.784153
0.0748009	0.998624
0.354581	-0.970508
0.428132	-0.96429
0.0784017	-0.988326
0.325882	0.949989
0.38505	0.791425
0.0823149	0.998574
0.294827	-0.972767
0.33799	-0.960327
0.0864139	-0.988703
0.262956	0.935359
0.289818	0.799338
0.0905913	0.998509
0.231553	-0.974148
0.242901	-0.954027
0.0946717	-0.989119
0.202843	0.916961
0.201504	0.808195
0.0986	0.998429
0.17742	-0.972314
0.166669	-0.944412
0.102266	-0.989564
0.156661	0.905404
0.141046	0.81925
0.105679	0.998343
0.140314	-0.967015
0.12407	-0.933397
0.108823	-0.990021
0.128504	0.909284
0.115986	0.832388
0.111753	0.998263
0.120404	-0.959767
0.115183	-0.925146
0.114526	-0.990464
0.115194	0.924217
0.120103	0.845738
0.117235	0.998187
0.111537	-0.949803
0.128185	-0.919764
0.119981	-0.99088
0.10802	0.940304
0.136744	0.856808
0.122874	0.998107
0.103116	-0.935361
0.142871	-0.91437
0.126	-0.991264
0.0955991	0.950797
0.144244	0.863667
0.129431	0.998019
0.0844136	-0.918835
0.138861	-0.907271
0.133197	-0.991633
0.0690829	0.954794
0.125839	0.867663
0.137321	0.99792
0.0492091	-0.906854
0.104408	-0.898338
0.141778	-0.99202
0.0250197	0.95495
0.0750016	0.873625
0.146546	0.997809
-0.00333736	-0.903213
0.0378497	-0.887425
0.151557	-0.99244
-0.0350783	0.953478
-0.00558587	0.884212
0.156744	0.997684
-0.0694578	-0.907255
-0.0539547	-0.874324
0.162012	-0.99288
-0.105377	0.95174
-0.105223	0.898409
0.167247	0.997549
-0.141446	-0.915937
-0.156787	-0.859435
0.172362	-0.993316
-0.176702	0.95124
-0.206908	0.913674
0.177228	0.997411
-0.209564	-0.925056
-0.252603	-0.843825
0.181795	-0.993723
-0.239529	0.953314
-0.293025	0.927552
0.18597	0.997275
-0.265506	-0.931158
-0.326135	-0.828741
0.189739	-0.994081
-0.287488	0.958454
-0.352008	0.938835
0.193064	0.997147
-0.305056	-0.932185
-0.369867	-0.814735
0.195969	-0.994383
-0.31868	0.965765
-0.380654	0.947394
0.198461	0.99703
-0.328521	-0.926455
-0.384652	-0.800945
0.20061	-0.994629
-0.335594	0.973376
-0.383814	0.953442
0.202464	0.996922
-0.340624	-0.912259
-0.379484	-0.785716
0.204129	-0.994819
-0.345047	0.97935
-0.37441	0.957047
0.205686	0.996823
-0.350035	-0.890203
-0.370814	-0.768346
0.207224	-0.994959
-0.356807	0.982708
-0.37103	0.958388
0.208812	0.996734
-0.366354	-0.868351
-0.37696	-0.750564
0.210491	-0.995071
-0.379262	0.984106
-0.389736	0.959023
0.212262	0.996659
-0.395657	-0.860106
-0.409608	-0.735366
0.214135	-0.995189
-0.415727	0.985233
-0.436988	0.961773
0.216033	0.996601
-0.438575	-0.871215
-0.470171	-0.724565
0.217946	-0.995326
-0.46418	0.986788
-0.509227	0.967237
0.219751	0.99656
-0.491041	-0.89587
-0.551336	-0.718682
0.221408	-0.995457
-0.518767	0.988019
-0.595885	0.973193
0.222814	0.996543
-0.546167	-0.923533
-0.640743	-0.717398
0.223882	-0.995547
-0.572248	0.988062
-0.684152	0.977642
0.224564	0.996553
-0.596527	-0.946378
-0.725415	-0.719599
0.224741	-0.995574
-0.617595	0.986529
-0.761991	0.980141
0.224396	0.996592
-0.635378	-0.961874
-0.793972	-0.723634
0.223431	-0.99553
-0.648704	0.983502
-0.819286	0.981104
0.221841	0.996662
-0.657607	-0.970992
-0.838186	-0.728283
0.219572	-0.995416
-0.661433	0.979514
-0.84956	0.981016
0.216621	0.996764
-0.660189	-0.975721
-0.853543	-0.733754
0.212964	-0.995229
-0.653542	0.975298
-0.849568	0.980114
0.208601	0.996899
-0.641431	-0.977536
-0.837552	-0.741147
0.20352	-0.994959
-0.623644	0.971513
-0.817077	0.97839
0.197723	0.997064
-0.600043	-0.977004
-0.787816	-0.751268
0.191209	-0.994596
-0.57047	0.968921
-0.749358	0.975697
0.183979	0.997252
-0.53472	-0.973809
-0.70114	-0.764341
0.176049	-0.994126
-0.492757	0.96845
-0.642881	0.971783
0.167428	0.997457
-0.444387	-0.9664
-0.573922	-0.77999
0.15817	-0.993532
-0.390025	0.970676
-0.494764	0.966177
0.148322	0.997667
-0.329942	-0.95067
-0.405559	-0.796975
0.138034	-0.992788
-0.265774	0.97453
-0.309154	0.957565
0.12753	0.997875
-0.200212	-0.9181
-0.210487	-0.813621
0.117006	-0.991832
-0.135553	0.975572
-0.113751	0.941086
0.106791	0.998074
-0.0759604	-0.868112
-0.0269033	-0.831201
0.0969468	-0.990591
-0.0219528	0.967093
0.0493387	0.906294
0.0875721	0.998267
0.0254262	-0.842464
0.113161	-0.854179
0.0786875	-0.98928
0.0661676	0.956588
0.164754	0.866984
0.0703033	0.998447
0.100371	-0.85905
0.204467	-0.879723
0.0624785	-0.988122
0.127426	0.957361
0.231161	0.851897
0.055205	0.998599
0.147608	-0.886311
0.245396	-0.901408
0.0484858	-0.986969
0.161003	0.954948
0.247273	0.84388
0.0422755	0.998728
0.168317	-0.919946
0.23806	-0.917824
0.0365173	-0.985821
0.170383	0.947206
0.219209	0.840733
0.0310847	0.998836
0.168956	-0.949376
0.193965	-0.929706
0.0258079	-0.984578
0.166372	0.924447
0.166706	0.831874
0.0204745	0.998925
0.165545	-0.968072
0.142969	-0.93611
0.0148815	-0.983186
0.169276	0.879986
0.128093	0.813444
0.00891591	0.998994
0.179141	-0.97367
0.125027	-0.93429
0.00249304	-0.981667
0.196366	0.832277
0.13608	0.788924
-0.00438267	0.999055
0.220985	-0.972269
0.161255	-0.92977
-0.0117059	-0.980048
0.253058	0.816742
0.200685	0.764421
-0.019461	0.999128
0.292548	-0.974228
0.254379	-0.936939
-0.0275598	-0.978298
0.338457	0.838107
0.320499	0.74262
-0.035985	0.99921
0.3908	-0.979651
0.399299	-0.953509
-0.0444887	-0.976461
0.446494	0.88597
0.484906	0.726802
-0.0530124	0.99929
0.505058	-0.984324
0.576683	-0.969522
-0.0613001	-0.974647
0.563415	0.934773
0.668946	0.718708
-0.0691862	0.999354
0.619706	-0.984796
0.758431	-0.978889
-0.0766034	-0.972942
0.673428	0.966081
0.844655	0.715107
-0.0833665	0.999399
0.722518	-0.980027
0.924082	-0.982898
-0.0894698	-0.971397
0.76726	0.981657
0.99777	0.710822
-0.0948413	0.999427
0.807054	-0.969595
1.06506	-0.984372
-0.0994829	-0.970085
0.842224	0.988921
1.12705	0.703252
-0.103379	0.999445
0.872842	-0.952504
1.18435	-0.984703
-0.104336	-0.969107
0.0600815	0.992618
-0.0546515	0.69318
-0.10808	0.999571
0.0678457	-0.999677
-0.0431287	-0.98474
-0.112621	-0.961207
0.087058	0.524595
-0.0099957	0.776154
-0.117163	0.999352
0.106801	-0.267258
0.0230517	-0.485428
-0.121714	-0.950724
0.127286	-0.824236
0.0566028	-0.400738
-0.126271	0.99919
0.148608	0.928703
0.0909939	0.91974
-0.130067	-0.952048
0.160283	-0.0928661
0.105366	-0.890638
-0.133902	0.99968
0.173452	-0.999998
0.122085	-0.977374
-0.138488	-0.956453
0.197995	0.75067
0.161003	0.785628
-0.143151	0.999499
0.22476	-0.907528
0.203941	-0.86872
-0.147681	-0.954951
0.251017	0.840991
0.24561	0.756837
-0.152427	0.999554
0.281721	-0.974916
0.296116	-0.937465
-0.157211	-0.953486
0.314578	0.896176
0.351098	0.793638
-0.16182	0.999571
0.346903	-0.96927
0.405457	-0.947953
-0.166078	-0.951509
0.376477	0.922475
0.455047	0.784702
-0.169908	0.999589
0.402426	-0.96913
0.49839	-0.956815
-0.173212	-0.949901
0.423603	0.943467
0.533454	0.783331
-0.175932	0.999602
0.439356	-0.967466
0.559142	-0.961993
-0.178037	-0.948535
0.44938	0.952945
0.575002	0.779845
-0.17951	0.999611
0.453491	-0.967414
0.580758	-0.964731
-0.180343	-0.947547
0.451636	0.954982
0.57633	0.777038
-0.180552	0.999615
0.443996	-0.970044
0.562038	-0.96604
-0.180145	-0.946982
0.430646	0.950358
0.537934	0.775607
-0.179181	0.999617
0.41229	-0.974711
0.505249	-0.966133
-0.177701	-0.946809
0.389346	0.93684
0.464611	0.77452
-0.175828	0.999614
0.363347	-0.979593
0.418822	-0.964581
-0.173684	-0.946945
0.335792	0.909519
0.370602	0.772292
-0.171412	0.999607
0.308449	-0.982131
0.323227	-0.959702
-0.169226	-0.947348
0.284089	0.868059
0.281988	0.769788
-0.167176	0.999595
0.263262	-0.979961
0.247796	-0.948796
-0.165404	-0.948052
0.247799	0.833663
0.224165	0.771244
-0.163877	0.999581
0.237158	-0.974006
0.209918	-0.934946
-0.162624	-0.94899
0.231664	0.829092
0.205662	0.777852
-0.161607	0.999573
0.230781	-0.970091
0.210338	-0.928741
-0.160785	-0.949985
0.233931	0.848529
0.222854	0.787501
-0.160113	0.99957
0.240513	-0.968471
0.242108	-0.930779
-0.159483	-0.950997
0.249098	0.879519
0.26539	0.79844
-0.158824	0.999568
0.258732	-0.966503
0.290962	-0.936016
-0.157987	-0.952067
0.26744	0.909927
0.315069	0.809167
-0.156882	0.999565
0.274048	-0.962345
0.335559	-0.940056
-0.155396	-0.953225
0.277037	0.930936
0.349572	0.81786
-0.153462	0.999558
0.275506	-0.956408
0.35546	-0.941036
-0.151032	-0.954501
0.268797	0.940764
0.352009	0.823866
-0.148083	0.999548
0.256533	-0.95199
0.338509	-0.939342
-0.144621	-0.955958
0.23873	0.941524
0.314971	0.829329
-0.140663	0.999534
0.215514	-0.951821
0.281568	-0.935456
-0.136276	-0.957629
0.187653	0.93443
0.239697	0.836458
-0.131525	0.999516
0.155881	-0.955187
0.190637	-0.92887
-0.126559	-0.959461
0.122065	0.918843
0.137909	0.845147
-0.121488	0.999493
0.0875016	-0.958514
0.0838706	-0.917872
-0.11649	-0.961374
0.0544666	0.897034
0.0328504	0.854661
-0.111659	0.999467
0.0240719	-0.95818
-0.0131394	-0.900807
-0.107099	-0.96331
-0.00243963	0.88044
-0.0517974	0.865212
-0.10286	0.99944
-0.024511	-0.955248
-0.0821539	-0.881971
-0.0989726	-0.965185
-0.0418532	0.879765
-0.103734	0.876716
-0.0954638	0.999417
-0.0542017	-0.953383
-0.116062	-0.870283
-0.092325	-0.966877
-0.0617466	0.892137
-0.119521	0.887606
-0.089545	0.999397
-0.0646859	-0.95095
-0.114457	-0.866288
-0.0870782	-0.96834
-0.063669	0.911313
-0.102072	0.896421
-0.0848605	0.99938
-0.0595788	-0.945066
-0.0839957	-0.866268
-0.0827954	-0.969598
-0.0537254	0.9314
-0.0626804	0.902699
-0.0807715	0.999363
-0.0476163	-0.933636
-0.04096	-0.866358
-0.0786629	-0.970682
-0.0429627	0.946499
-0.0220739	0.905869
-0.0763626	0.999344
-0.0412155	-0.917203
-0.00875848	-0.863769
-0.0737849	-0.971638
-0.0435525	0.953922
-0.00323557	0.905889
-0.0708772	0.999323
-0.0507166	-0.902895
-0.0068993	-0.858507
-0.0676216	-0.972593
-0.0629965	0.955615
-0.0202871	0.905897
-0.0640219	0.9993
-0.0804103	-0.899604
-0.0434497	-0.851902
-0.0601133	-0.97368
-0.102574	0.955059
-0.0756872	0.91038
-0.0559588	0.999275
-0.128741	-0.908825
-0.115623	-0.844716
-0.0516385	-0.97489
-0.157957	0.953399
-0.161507	0.919445
-0.0472909	0.99925
-0.188479	-0.925282
-0.210045	-0.837152
-0.0430234	-0.976108
-0.219004	0.950379
-0.258845	0.929808
-0.0390058	0.999224
-0.247375	-0.941053
-0.30382	-0.828857
-0.0353277	-0.97721
-0.272534	0.946958
-0.343065	0.938606
-0.0320992	0.999199
-0.293126	-0.951098
-0.374062	-0.819694
-0.0293623	-0.978136
-0.308704	0.946368
-0.396064	0.945193
-0.0271607	0.999178
-0.318769	-0.955267
-0.408169	-0.81169
-0.0254927	-0.978869
-0.32341	0.95068
-0.410582	0.949974
-0.0243594	0.999161
-0.322643	-0.954204
-0.403307	-0.806514
-0.0237136	-0.979405
-0.317106	0.958807
-0.387528	0.953215
-0.0235123	0.999148
-0.307352	-0.946836
-0.364207	-0.802949
-0.0236459	-0.979756
-0.294817	0.967991
-0.336031	0.954923
-0.0240026	0.999139
-0.280958	-0.930868
-0.305705	-0.798676
-0.024437	-0.979921
-0.267679	0.97481
-0.276835	0.954485
-0.0247875	0.999131
-0.257123	-0.90695
-0.253518	-0.792811
-0.0249657	-0.979906
-0.250439	0.977157
-0.237909	0.951194
-0.0248701	0.999125
-0.248986	-0.887235
-0.232627	-0.787795
-0.0244932	-0.979835
-0.252858	0.975982
-0.237817	0.94727
-0.0238382	0.999122
-0.262032	-0.887144
-0.253447	-0.786267
-0.0229465	-0.97989
-0.275991	0.974164
-0.278556	0.947411
-0.021921	0.999122
-0.293402	-0.905802
-0.310603	-0.788376
-0.0208477	-0.980058
-0.313189	0.972035
-0.347601	0.951476
-0.0198948	0.999125
-0.333165	-0.930354
-0.385388	-0.792557
-0.0191878	-0.980184
-0.351735	0.967832
-0.421	0.955682
-0.0188544	0.99913
-0.367273	-0.949113
-0.451423	-0.795793
-0.0190005	-0.980154
-0.378438	0.961688
-0.474183	0.958023
-0.0196794	0.999138
-0.384578	-0.958896
-0.48815	-0.796277
-0.0209382	-0.979951
-0.38509	0.957019
-0.492237	0.958836
-0.0227899	0.99915
-0.379803	-0.961808
-0.486156	-0.796272
-0.0252341	-0.979571
-0.368688	0.956776
-0.469834	0.958645
-0.0282579	0.999168
-0.351845	-0.959429
-0.443396	-0.798607
-0.0318144	-0.978989
-0.329806	0.960882
-0.407761	0.957425
-0.0358477	0.99919
-0.303188	-0.950823
-0.363966	-0.803049
-0.0402441	-0.97819
-0.273381	0.967206
-0.314552	0.954776
-0.0448555	0.999215
-0.242227	-0.933337
-0.262943	-0.807912
-0.0495305	-0.977136
-0.211623	0.971947
-0.212681	0.949384
-0.0540569	0.999241
-0.184308	-0.907707
-0.169011	-0.812542
-0.0583506	-0.975802
-0.161284	0.971657
-0.133755	0.939408
-0.0622921	0.999268
-0.144069	-0.888197
-0.109811	-0.818893
-0.0658822	-0.974359
-0.132556	0.966759
-0.0968841	0.927545
-0.0691061	0.999295
-0.126883	-0.889885
-0.0952359	-0.827866
-0.0720088	-0.973082
-0.126395	0.961013
-0.103599	0.921183
-0.07465	0.999322
-0.130266	-0.908504
-0.120419	-0.837987
-0.0771226	-0.971957
-0.137231	0.953749
-0.14332	0.920502
-0.0795589	0.999348
-0.145507	-0.931304
-0.168913	-0.846859
-0.0820927	-0.970808
-0.153289	0.941441
-0.193797	0.92073
-0.0848693	0.999371
-0.15862	-0.947825
-0.214264	-0.851498
-0.0879941	-0.969502
-0.160075	0.924388
-0.227655	0.918949
-0.091542	0.999393
-0.156631	-0.954953
-0.232075	-0.851084
-0.095555	-0.968002
-0.147685	0.910416
-0.226418	0.91524
-0.10004	0.999415
-0.133088	-0.955942
-0.210429	-0.851303
-0.104994	-0.966255
-0.112786	0.905919
-0.183979	0.90989
-0.110371	0.999441
-0.0873073	-0.9537
-0.148039	-0.857578
-0.116128	-0.964187
-0.057086	0.910294
-0.103343	0.902309
-0.122156	0.999468
-0.023433	-0.948499
-0.0523333	-0.869233
-0.128358	-0.96179
0.0124774	0.920305
0.00285125	0.892035
-0.134588	0.999496
0.0488627	-0.941153
0.0588724	-0.883696
-0.140703	-0.959109
0.0839362	0.930517
0.112386	0.878866
-0.146591	0.999523
0.116356	-0.934344
0.160929	-0.897921
-0.152129	-0.956266
0.14463	0.936847
0.201717	0.863774
-0.157268	0.999547
0.168233	-0.932741
0.233858	-0.91035
-0.161945	-0.953456
0.186452	0.938645
0.256037	0.850009
-0.166155	0.999568
0.199336	-0.938535
0.268407	-0.920533
-0.169892	-0.950818
0.206869	0.935484
0.270935	0.839985
-0.173191	0.999586
0.20957	-0.949152
0.264594	-0.928054
-0.176103	-0.94834
0.208195	0.924441
0.250776	0.832077
-0.178713	0.9996
0.203868	-0.960212
0.23157	-0.932327
-0.181145	-0.945937
0.198292	0.90139
0.210201	0.823188
-0.183509	0.99961
0.19294	-0.967422
0.189418	-0.932063
-0.185952	-0.943553
0.189809	0.866696
0.173042	0.811903
-0.188535	0.999616
0.189728	-0.968682
0.162573	-0.926389
-0.191341	-0.941211
0.193836	0.834272
0.160178	0.799796
-0.194372	0.999621
0.202174	-0.9666
0.165862	-0.919961
-0.197641	-0.938893
0.21498	0.820091
0.180074	0.788595
-0.201134	0.99963
0.232146	-0.966269
0.202611	-0.920741
-0.204815	-0.936518
0.253244	0.826324
0.23268	0.778779
-0.208663	0.999642
0.278132	-0.968541
0.270098	-0.929466
-0.212578	-0.934112
0.305562	0.849318
0.31251	0.770725
-0.21653	0.999656
0.335288	-0.972143
0.359597	-0.942303
-0.220353	-0.931805
0.365216	0.881345
0.407378	0.765208
-0.224	0.99967
0.394897	-0.975282
0.455173	-0.954467
-0.227317	-0.92975
0.4224	0.911321
0.499367	0.761878
-0.230244	0.999681
0.447098	-0.976787
0.538929	-0.963054
-0.232699	-0.928065
0.468038	0.932275
0.572179	0.759165
-0.234632	0.999689
0.484695	-0.977153
0.598246	-0.968174
-0.236013	-0.926839
0.496762	0.943801
0.616666	0.756142
-0.23682	0.999693
0.504021	-0.977642
0.627098	-0.971045
-0.237042	-0.926156
0.5064	0.947893
0.629453	0.753127
-0.23669	0.999695
0.504033	-0.97907
0.623992	-0.972531
-0.235765	-0.926065
0.496941	0.945712
0.610714	0.750636
-0.234313	0.999694
0.485681	-0.981398
0.590626	-0.972958
-0.232352	-0.926553
0.470414	0.936731
0.563918	0.748523
-0.229968	0.999691
0.45221	-0.983934
0.53255	-0.972243
-0.227212	-0.927553
0.431626	0.919185
0.497441	0.74638
-0.224191	0.999684
0.409974	-0.98563
0.461014	-0.969835
-0.221011	-0.928995
0.388574	0.892728
0.4257	0.744673
-0.217742	0.999675
0.368235	-0.985418
0.392951	-0.964787
-0.21452	-0.930842
0.350688	0.864719
0.366069	0.745565
-0.211348	0.999662
0.335874	-0.982847
0.344832	-0.957123
-0.208306	-0.933053
0.324802	0.850378
0.331184	0.751239
-0.205359	0.99965
0.316917	-0.979223
0.323987	-0.950142
-0.202506	-0.935502
0.312179	0.856479
0.323166	0.761271
-0.199701	0.999641
0.309935	-0.976389
0.327461	-0.947262
-0.196886	-0.938073
0.309355	0.876245
0.335292	0.773905
-0.194001	0.999633
0.309647	-0.97397
0.345171	-0.947512
-0.190959	-0.940727
0.309598	0.89943
0.354794	0.787304
-0.187691	0.999623
0.308271	-0.970803
0.362412	-0.948187
-0.184122	-0.943456
0.304627	0.917979
0.366058	0.799704
-0.180192	0.999611
0.297837	-0.966658
0.364181	-0.947445
-0.175866	-0.946257
0.28737	0.928365
0.355777	0.81013
-0.171115	0.999596
0.272766	-0.96275
0.33996	-0.94473
-0.165948	-0.949136
0.25406	0.930481
0.316778	0.819151
-0.160374	0.999577
0.23125	-0.960604
0.28617	-0.939924
-0.154455	-0.952098
0.205048	0.925096
0.249453	0.828131
-0.148236	0.999554
0.175919	-0.960255
0.207421	-0.932519
-0.141838	-0.955106
0.14536	0.913172
0.162905	0.83784
-0.13533	0.999527
0.114144	-0.959931
0.117284	-0.921454
-0.128852	-0.958103
0.0839976	0.898462
0.07384	0.84852
-0.122463	0.999495
0.0555972	-0.957803
0.0337713	-0.906445
-0.116255	-0.961026
0.0300061	0.889156
-0.000931541	0.860326
-0.110264	0.999462
0.00761379	-0.954475
-0.0295965	-0.890783
-0.104523	-0.963796
-0.0112749	0.891239
-0.0516899	0.872846
-0.0990503	0.99943
-0.0265125	-0.95153
-0.0669552	-0.879398
-0.0938376	-0.966333
-0.0383056	0.902939
-0.075808	0.884862
-0.0888741	0.999399
-0.0468724	-0.947938
-0.0786501	-0.872928
-0.0841163	-0.968605
-0.0528665	0.919257
-0.076721	0.895166
-0.0795162	0.999368
-0.0569878	-0.941617
-0.0713274	-0.86889
-0.0749971	-0.970629
-0.0603223	0.93528
-0.0645286	0.903159
-0.070485	0.999335
-0.0639145	-0.931435
-0.0582953	-0.86452
-0.0658951	-0.97244
-0.0689608	0.947163
-0.0549056	0.908621
-0.0611615	0.999299
-0.0764015	-0.918933
-0.0561429	-0.858117
-0.0562316	-0.974093
-0.0870086	0.953697
-0.0634797	0.912259
-0.0510786	0.99926
-0.101214	-0.909432
-0.0777426	-0.849729
-0.0456978	-0.975676
-0.119167	0.956399
-0.099233	0.916417
-0.0401131	0.999218
-0.140639	-0.908275
-0.127531	-0.840299
-0.0343598	-0.977253
-0.165268	0.957467
-0.161996	0.923248
-0.0285204	0.999174
-0.192055	-0.916004
-0.20074	-0.83067
-0.0226577	-0.978802
-0.220293	0.957975
-0.24249	0.932313
-0.016903	0.999128
-0.248337	-0.928372
-0.284115	-0.82126
-0.0113262	-0.980249
-0.275396	0.958317
-0.324199	0.941473
-0.00605152	0.999082
-0.299926	-0.939704
-0.359822	-0.811997
-0.00112948	-0.981528
-0.321387	0.959387
-0.390054	0.949125
0.00336703	0.999036
-0.338919	-0.946679
-0.413293	-0.802945
0.00742317	-0.982616
-0.352427	0.96241
-0.429432	0.954973
0.0110125	0.998994
-0.361639	-0.948573
-0.437964	-0.794618
0.0141607	-0.983518
-0.366963	0.967543
-0.439699	0.959285
0.0168761	0.998954
-0.368545	-0.945119
-0.434874	-0.786877
0.01923	-0.984247
-0.367366	0.97362
-0.425363	0.962273
0.0212659	0.998918
-0.36401	-0.935682
-0.412217	-0.778758
0.0230897	-0.984819
-0.359897	0.978926
-0.398145	0.963922
0.0247802	0.998884
-0.356075	-0.920757
-0.385108	-0.769764
0.0264295	-0.985249
-0.353775	0.982175
-0.375458	0.964136
0.0281164	0.998854
-0.354056	-0.905559
-0.371221	-0.761227
0.0298807	-0.985578
-0.357462	0.983257
-0.373432	0.9635
0.0317442	0.998829
-0.36431	-0.899711
-0.382712	-0.755664
0.0336974	-0.98588
-0.374509	0.983088
-0.398903	0.963667
0.0356851	0.998809
-0.387366	-0.907898
-0.420693	-0.75443
0.0376581	-0.986187
-0.402285	0.982383
-0.446995	0.965523
0.039515	0.998794
-0.417985	-0.924849
-0.47539	-0.756946
0.0411692	-0.986455
-0.43338	0.98085
-0.503869	0.967969
0.0425342	0.998786
-0.447399	-0.941838
-0.530477	-0.761307
0.043507	-0.98662
-0.45874	0.978145
-0.552787	0.969674
0.0440423	0.998783
-0.466866	-0.95372
-0.569888	-0.76542
0.0440632	-0.986658
-0.470794	0.974966
-0.579961	0.970309
0.0435528	0.998788
-0.470322	-0.959691
-0.582694	-0.768548
0.0424791	-0.986567
-0.465019	0.972851
-0.577279	0.970096
0.0408409	0.9988
-0.454832	-0.960566
-0.563607	-0.771637
0.0386496	-0.986345
-0.439849	0.972883
-0.541801	0.969175
0.0359199	0.998821
-0.420164	-0.956517
-0.511947	-0.775624
0.0327112	-0.985984
-0.396455	0.974948
-0.475245	0.967427
0.0290719	0.998848
-0.369223	-0.946321
-0.432503	-0.780333
0.0251122	-0.985471
-0.339795	0.977773
-0.386165	0.964383
0.020954	0.998881
-0.309647	-0.928228
-0.338944	-0.785235
0.0167114	-0.984781
-0.280161	0.979232
-0.293398	0.958933
0.0125646	0.998917
-0.253632	-0.90498
-0.253917	-0.791117
0.00856258	-0.98391
-0.230577	0.977393
-0.221396	0.949975
0.00482048	0.998957
-0.212452	-0.889929
-0.198633	-0.800144
0.00131893	-0.982967
-0.198885	0.972454
-0.184836	0.93979
-0.00192928	0.998998
-0.189977	-0.894054
-0.180201	-0.812478
-0.00498243	-0.982092
-0.184873	0.966557
-0.183067	0.933295
-0.00790583	0.99904
-0.182645	-0.911898
-0.191665	-0.826043
-0.0107927	-0.981264
-0.181993	0.959228
-0.203524	0.930417
-0.0137564	0.99908
-0.181351	-0.931721
-0.215657	-0.838262
-0.0169059	-0.980381
-0.179211	0.948542
-0.225204	0.927782
-0.0203384	0.999119
-0.174221	-0.9453
-0.229604	-0.846836
-0.02413	-0.979373
-0.165301	0.935793
-0.226821	0.923379
-0.0283173	0.999156
-0.15189	-0.95094
-0.215807	-0.852176
-0.0329251	-0.978213
-0.133563	0.9263
-0.195743	0.917037
-0.0379309	0.999194
-0.110523	-0.950927
-0.167007	-0.858333
-0.0433147	-0.976875
-0.0829042	0.923647
-0.129795	0.908686
-0.0489974	0.999235
-0.0516378	-0.947312
-0.0858472	-0.86818
-0.0549117	-0.975332
-0.0174667	0.926953
-0.0364938	0.897838
-0.0609346	0.999277
0.0181063	-0.941377
0.015439	-0.881118
-0.0669542	-0.973598
0.0537389	0.932769
0.0674596	0.884147
-0.0728552	0.999318
0.0880464	-0.935675
0.116991	-0.895179
-0.078521	-0.97173
0.119616	0.937461
0.161388	0.868281
-0.083887	0.999357
0.147743	-0.934191
0.199404	-0.908613
-0.0888752	-0.969838
0.171522	0.939444
0.229346	0.852802
-0.09347	0.999392
0.19088	-0.939215
0.251155	-0.920397
-0.0976429	-0.968018
0.205544	0.937912
0.264317	0.84016
-0.101419	0.999422
0.215943	-0.949016
0.269672	-0.929863
-0.10482	-0.966285
0.222464	0.930689
0.267931	0.829614
-0.107917	0.999448
0.226091	-0.959959
0.260956	-0.936602
-0.110789	-0.964601
0.227956	0.914919
0.250875	0.818551
-0.113539	0.999468
0.229477	-0.968507
0.240381	-0.940167
-0.116282	-0.962932
0.23224	0.890304
0.232502	0.805216
-0.119097	0.999484
0.237379	-0.972734
0.229378	-0.940379
-0.122068	-0.961285
0.246043	0.865332
0.233217	0.79048
-0.125221	0.999498
0.258638	-0.973729
0.244774	-0.939583
-0.128564	-0.95968
0.275375	0.854233
0.264464	0.77665
-0.132092	0.999513
0.296267	-0.974654
0.292344	-0.942492
-0.135742	-0.958118
0.320545	0.862711
0.326956	0.765266
-0.139491	0.999532
0.348067	-0.97685
0.368131	-0.950222
-0.143203	-0.956631
0.377116	0.885803
0.412596	0.757076
-0.146836	0.999552
0.407308	-0.979242
0.459764	-0.959552
-0.150237	-0.955297
0.436727	0.913015
0.50603	0.751917
-0.15334	0.999569
0.464669	-0.980545
0.550202	-0.967181
-0.156049	-0.954195
0.49003	0.935243
0.590313	0.748502
-0.158293	0.999582
0.511997	-0.980555
0.624949	-0.972126
-0.160032	-0.953391
0.530197	0.949625
0.653563	0.745515
-0.161213	0.99959
0.544048	-0.980057
0.675154	-0.975016
-0.161824	-0.952945
0.553466	0.957299
0.68968	0.742723
-0.161842	0.999593
0.558215	-0.979986
0.696751	-0.976613
-0.161263	-0.952909
0.558278	0.95996
0.696373	0.740779
-0.160094	0.999592
0.553744	-0.980814
0.688711	-0.977332
-0.158335	-0.953306
0.544603	0.958377
0.673698	0.74017
-0.156028	0.999588
0.531311	-0.982489
0.652145	-0.977312
-0.153179	-0.954114
0.513898	0.952168
0.623983	0.74075
-0.149869	0.999579
0.493306	-0.984572
0.590918	-0.976493
-0.146124	-0.955277
0.469763	0.940015
0.553218	0.742071
-0.142055	0.999566
0.444592	-0.986317
0.513319	-0.974546
-0.13773	-0.956726
0.418571	0.920827
0.47256	0.744134
-0.133243	0.999548
0.3928	-0.986837
0.432958	-0.970785
-0.128717	-0.958407
0.368792	0.897393
0.397346	0.748208
-0.124186	0.999525
0.346876	-0.985385
0.366253	-0.964581
-0.119764	-0.960283
0.328475	0.880158
0.342412	0.75643
-0.115428	0.999498
0.313175	-0.981966
0.324935	-0.956998
-0.111217	-0.962293
0.301412	0.879655
0.314667	0.769337
-0.107076	0.999472
0.29237	-0.977775
0.309998	-0.951116
-0.10297	-0.964351
0.285521	0.89397
0.30992	0.785074
-0.098825	0.999447
0.279817	-0.973294
0.312419	-0.947921
-0.0945674	-0.966398
0.274207	0.913254
0.315492	0.801216
-0.0901123	0.99942
0.267497	-0.96766
0.316864	-0.945507
-0.0853918	-0.968412
0.258714	0.92901
0.314691	0.815592
-0.0803368	0.999388
0.246856	-0.960776
0.307057	-0.942005
-0.0749177	-0.970388
0.231445	0.937578
0.29306	0.827316
-0.0691032	0.999351
0.211953	-0.954425
0.271663	-0.936676
-0.0629124	-0.972343
0.188525	0.939102
0.243126	0.837623
-0.0563559	0.999307
0.161162	-0.950755
0.207389	-0.929244
-0.0495079	-0.974291
0.130724	0.934934
0.166058	0.848508
-0.0424199	0.999256
0.0977352	-0.949906
0.120049	-0.919157
-0.0352137	-0.976217
0.0636884	0.926883
0.0721882	0.860763
-0.0279691	0.999198
0.0294838	-0.949967
0.0241117	-0.905722
-0.0208048	-0.978083
-0.00343525	0.918858
-0.0214553	0.874096
-0.0137985	0.999133
-0.0341866	-0.949086
-0.0628966	-0.889489
-0.00701788	-0.979846
-0.0620118	0.91662
-0.0988232	0.88788
-0.000516898	0.999065
-0.0863304	-0.947193
-0.128172	-0.873622
0.00568708	-0.981465
-0.107047	0.922808
-0.150814	0.901191
0.0115726	0.998997
-0.123988	-0.944174
-0.166429	-0.861122
0.0171618	-0.982909
-0.137561	0.934799
-0.175817	0.912875
0.0224744	0.998928
-0.148121	-0.938071
-0.179637	-0.851311
0.0275709	-0.984172
-0.156567	0.948223
-0.179604	0.922135
0.0325138	0.998857
-0.16381	-0.926705
-0.177441	-0.841602
0.0373902	-0.985269
-0.171101	0.959283
-0.175532	0.928604
0.0422814	0.998783
-0.1796	-0.910141
-0.176094	-0.829976
0.0472615	-0.986225
-0.190379	0.966067
-0.181178	0.932495
0.0523836	0.998704
-0.204235	-0.893814
-0.192312	-0.816381
0.0576783	-0.987096
-0.221667	0.969388
-0.210465	0.935688
0.0631406	0.998622
-0.242706	-0.886739
-0.235708	-0.802352
0.0687641	-0.987948
-0.267384	0.971584
-0.268153	0.941118
0.0744744	0.998538
-0.294822	-0.893258
-0.306128	-0.789461
0.0802409	-0.988794
-0.324758	0.973929
-0.34923	0.949374
0.0859278	0.998453
-0.355507	-0.909746
-0.394252	-0.778588
0.0914848	-0.989592
-0.386568	0.976079
-0.440356	0.958212
0.0967752	0.998371
-0.416271	-0.928259
-0.48441	-0.769545
0.10174	-0.990287
-0.443993	0.977537
-0.52535	0.965427
0.106297	0.998292
-0.468816	-0.942739
-0.561539	-0.761367
0.110399	-0.990856
-0.490251	0.978607
-0.592162	0.970511
0.114012	0.998221
-0.507976	-0.951598
-0.616714	-0.753467
0.117114	-0.991302
-0.521821	0.979964
-0.634956	0.973959
0.119692	0.998159
-0.531713	-0.955555
-0.646814	-0.746002
0.121756	-0.991638
-0.537844	0.981927
-0.652696	0.97629
0.123305	0.99811
-0.54023	-0.955472
-0.652629	-0.739288
0.124379	-0.991874
-0.539441	0.984306
-0.647706	0.977794
0.124985	0.998075
-0.535543	-0.951739
-0.637996	-0.733415
0.125193	-0.992017
-0.52946	0.986636
-0.625244	0.978581
0.125017	0.998054
-0.521339	-0.944637
-0.609645	-0.728513
0.124541	-0.992071
-0.51224	0.988439
-0.593199	0.978646
0.12379	0.998047
-0.502435	-0.935215
-0.576344	-0.7252
0.122828	-0.992043
-0.492747	0.989399
-0.560623	0.977954
0.121689	0.998055
-0.483538	-0.926116
-0.546677	-0.724636
0.120401	-0.991939
-0.475153	0.989426
-0.535136	0.976599
0.118989	0.998076
-0.467874	-0.920987
-0.526517	-0.727938
0.117446	-0.991774
-0.461549	0.988584
-0.520503	0.974884
0.115775	0.99811
-0.456202	-0.922059
-0.517147	-0.735372
0.113937	-0.991558
-0.451247	0.986955
-0.515306	0.973128
0.111915	0.998155
-0.446463	-0.928229
-0.51458	-0.746063
0.109645	-0.991288
-0.440936	0.984541
-0.513204	0.97134
0.107108	0.99821
-0.434364	-0.936006
-0.510633	-0.758378
0.104231	-0.990952
-0.425744	0.981388
-0.504926	0.969229
0.101002	0.998273
-0.414856	-0.941964
-0.495679	-0.77069
0.0973688	-0.990535
-0.400917	0.977908
-0.481364	0.966473
0.0933347	0.998342
-0.383883	-0.944084
-0.461885	-0.782153
0.088881	-0.990025
-0.363398	0.974903
-0.436499	0.962821
0.0840361	0.998417
-0.339713	-0.941478
-0.405635	-0.792946
0.078819	-0.989409
-0.312943	0.972945
-0.369431	0.957933
0.0732997	0.998497
-0.283873	-0.933756
-0.329322	-0.803687
0.0675274	-0.988671
-0.253002	0.971645
-0.286164	0.951157
0.0616238	0.998579
-0.221811	-0.921637
-0.242764	-0.81494
0.0556426	-0.987796
-0.190857	0.9696
-0.200083	0.941581
0.0497159	0.998661
-0.161775	-0.909329
-0.161259	-0.827295
0.0438718	-0.9868
-0.134783	0.965492
-0.12661	0.929115
0.0381902	0.998743
-0.110828	-0.904114
-0.0979436	-0.841019
0.0326681	-0.985736
-0.0897321	0.959602
-0.074849	0.916122
0.0273244	0.998822
-0.0716316	-0.909331
-0.0575744	-0.855411
0.0221326	-0.984655
-0.0560555	0.952759
-0.0451872	0.905403
0.0170663	0.998896
-0.0425471	-0.921445
-0.0368097	-0.869131
0.0120766	-0.983549
-0.0303498	0.944213
-0.0309887	0.896752
0.00710901	0.998964
-0.0186374	-0.934693
-0.0261453	-0.880872
0.00210253	-0.982381
-0.00649577	0.932959
-0.0205315	0.888135
-0.00299866	0.999026
0.00691958	-0.944925
-0.0125345	-0.890016
-0.00824344	-0.981118
0.0223647	0.920129
-0.000704805	0.877978
-0.0136607	0.999084
0.0403313	-0.950941
0.0158987	-0.897316
-0.0192677	-0.979745
0.0611616	0.909532
0.0379458	0.865878
-0.0250576	0.999139
0.0848852	-0.953985
0.0655103	-0.90492
-0.0310077	-0.978257
0.111324	0.90504
0.0982813	0.852177
-0.0370841	0.999193
0.140165	-0.956001
0.135708	-0.914616
-0.0432192	-0.976661
0.17064	0.907754
0.17635	0.837536
-0.0493664	0.999246
0.202285	-0.95829
0.219402	-0.926202
-0.0554183	-0.974986
0.233806	0.915643
0.262406	0.822773
-0.0613312	0.999296
0.264788	-0.961362
0.304675	-0.937984
-0.0669918	-0.973275
0.293861	0.924747
0.34361	0.808465
-0.0723729	0.999341
0.320829	-0.9653
0.378942	-0.948287
-0.077394	-0.971578
0.344757	0.931452
0.408921	0.794652
-0.0820539	0.99938
0.36578	-0.970064
0.433891	-0.956445
-0.0863127	-0.969935
0.383487	0.933888
0.45309	0.781007
-0.0902016	0.999413
0.398409	-0.975315
0.467598	-0.962608
-0.093711	-0.968379
0.410516	0.931483
0.47735	0.766995
-0.0969049	0.99944
0.420747	-0.980334
0.484184	-0.967139
-0.0997952	-0.966931
0.429329	0.924541
0.48851	0.752186
-0.102465	0.999461
0.43743	-0.984378
0.492595	-0.970352
-0.104936	-0.965613
0.445405	0.915021
0.497096	0.736964
-0.10728	0.999479
0.454267	-0.987118
0.503986	-0.972599
-0.109511	-0.964458
0.464259	0.90744
0.513726	0.722942
-0.11167	0.999493
0.47598	-0.988739
0.5275	-0.974434
-0.113742	-0.963505
0.48931	0.907091
0.545099	0.712269
-0.115734	0.999505
0.504407	-0.989626
0.566882	-0.97642
-0.117603	-0.962789
0.520793	0.915868
0.591986	0.706441
-0.119319	0.999516
0.538173	-0.989927
0.619923	-0.978603
-0.120835	-0.962346
0.556004	0.930803
0.64976	0.705814
-0.122077	0.999523
0.573432	-0.989437
0.679945	-0.980496
-0.123012	-0.962206
0.590115	0.946808
0.709991	0.709704
-0.123526	0.999526
0.604658	-0.987793
0.737319	-0.981624
-0.123603	-0.962394
0.616938	0.959929
0.76188	0.716547
-0.123126	0.999523
0.625505	-0.984779
0.781011	-0.981834
-0.122088	-0.962919
0.630334	0.968646
0.794823	0.724507
-0.120414	0.999515
0.630446	-0.980671
0.801545	-0.981217
-0.118099	-0.963792
0.625809	0.973317
0.801215	0.732772
-0.115108	0.9995
0.615904	-0.976321
0.792885	-0.979885
-0.111439	-0.965015
0.600645	0.97481
0.776406	0.741991
-0.107079	0.99948
0.579768	-0.972763
0.751233	-0.977813
-0.10203	-0.96657
0.553124	0.973468
0.716997	0.75314
-0.0962995	0.999452
0.520633	-0.970948
0.673407	-0.974831
-0.0898913	-0.968405
0.482123	0.96861
0.619938	0.766558
-0.0828449	0.999417
0.437858	-0.971566
0.556874	-0.970636
-0.0751847	-0.970438
0.387863	0.957866
0.483961	0.781689
-0.0670174	0.999373
0.333254	-0.974311
0.403087	-0.964533
-0.05846	-0.972564
0.275274	0.935884
0.316346	0.797193
-0.0496923	0.999317
0.216027	-0.976662
0.227575	-0.9543
-0.0410203	-0.974695
0.159368	0.897285
0.144118	0.812675
-0.0325556	0.999244
0.106506	-0.97343
0.0680836	-0.933767
-0.0244976	-0.976818
0.059898	0.860681
0.00412046	0.83151
-0.0168496	0.999159
0.0193173	-0.96253
-0.0484318	-0.901244
-0.00965273	-0.978898
-0.0148994	0.859377
-0.0890517	0.854467
-0.0029196	0.999082
-0.0427804	-0.955704
-0.117878	-0.878159
0.0033577	-0.980779
-0.0646003	0.883015
-0.135481	0.87748
0.00918027	0.999014
-0.080504	-0.952087
-0.142102	-0.868601
0.0145934	-0.982402
-0.0912139	0.913632
-0.139075	0.896691
0.0196643	0.998947
-0.0977249	-0.943197
-0.128223	-0.862693
0.0245081	-0.983799
-0.10167	0.942034
-0.1126	0.911006
0.0292714	0.998874
-0.105097	-0.922984
-0.0960723	-0.854132
0.0341205	-0.984985
-0.11033	0.960392
-0.083052	0.919289
0.0392047	0.998792
-0.119462	-0.887839
-0.0775191	-0.838403
0.0446175	-0.985969
-0.133841	0.96703
-0.0820008	0.920361
0.0504223	0.998702
-0.154422	-0.85236
-0.0983021	-0.817231
0.0566225	-0.986885
-0.181371	0.967655
-0.126705	0.920402
0.0632097	0.998605
-0.214723	-0.839195
-0.167304	-0.794254
0.0701636	-0.987904
-0.254383	0.970115
-0.219994	0.929542
0.0774006	0.998501
-0.299422	-0.85363
-0.283061	-0.771866
0.0848907	-0.989008
-0.34968	0.975258
-0.356391	0.946286
0.0924187	0.998394
-0.402504	-0.889602
-0.434931	-0.753038
0.0999278	-0.990087
-0.45742	0.980304
-0.518031	0.963018
0.107175	0.99829
-0.511482	-0.929165
-0.600184	-0.739462
0.114047	-0.990997
-0.563504	0.982385
-0.67938	0.974111
0.120454	0.998192
-0.612633	-0.957284
-0.754343	-0.729032
0.126267	-0.991676
-0.657487	0.981265
-0.82273	0.979973
0.131471	0.998104
-0.698179	-0.973299
-0.885144	-0.719322
0.135985	-0.992157
-0.733969	0.978053
-0.940502	0.983
0.13981	0.998031
-0.765108	-0.981933
-0.989625	-0.710437
0.142912	-0.992476
-0.791383	0.97341
-1.03242	0.984559
0.14529	0.997982
-0.813009	-0.986881
-1.06957	-0.704593
0.146931	-0.992639
-0.829961	0.96645
-1.10132	0.985062
0.147836	0.99796
-0.842383	-0.989944
-1.12819	-0.702829
0.147999	-0.992645
-0.850285	0.954867
-1.15044	0.984555
0.147419	0.997967
-0.853738	-0.991872
-1.16844	-0.703714
0.146094	-0.992491
-0.852729	0.935196
-1.18241	0.982965
0.144025	0.998002
-0.847253	-0.992942
-1.19258	-0.703471
0.141209	-0.992179
-0.837249	0.903606
-1.19906	0.980168
0.137647	0.998059
-0.822635	-0.993224
-1.20195	-0.697425
0.133336	-0.991705
-0.803285	0.857829
-1.20127	0.975976
0.128276	0.998137
-0.779039	-0.992734
-1.19698	-0.683359
0.122466	-0.991047
-0.749695	0.795106
-1.18899	0.969802
0.115903	0.998231
-0.715011	-0.991158
-1.17712	-0.657774
0.108587	-0.99018
-0.674702	0.719547
-1.16115	0.960876
0.100513	0.998344
-0.628438	-0.988746
-1.14077	-0.631204
0.0916805	-0.98897
-0.575843	0.588131
-1.11559	0.944878
0.0820862	0.998428
-0.516504	-0.973861
-1.08516	-0.505615
0.0717277	-0.988021
-0.449961	0.751319
-1.04893	0.941271
0.0606003	0.998821
-0.375679	-0.999106
-1.00623	-0.897429
0.0486988	-0.981674
-0.293074	-0.966442
-0.956247	0.526244
0.0368152	0.997277
-0.212456	0.99995
-0.917588	0.997952
0.0249476	-0.972541
-0.133288	-0.999559
-0.889668	-0.988163
0.0122969	0.999155
-0.044084	-0.999971
-0.852423	-0.425457
-0.00113995	-0.979508
0.0557461	-0.19569
-0.8052	0.697948
-0.0151536	0.998896
0.163891	-0.602841
-0.752594	0.136316
-0.0297422	-0.9758
0.280926	-0.0961135
-0.69387	0.228616
-0.0451188	0.999417
0.410404	-0.99997
-0.622697	-0.955707
-0.061287	-0.9507
0.552987	-0.999974
-0.537924	-0.906217
-0.0782441	0.99954
0.709249	-1
-0.438386	-0.958145
-0.0959843	-0.934014
0.879697	-0.999996
-0.322821	-0.973907
-0.114498	0.999642
1.06474	-1
-0.189902	-0.992038
-0.160099	-0.908585
-0.0517817	-1
0.113145	-0.994521
-0.159383	0.999252
-0.0504198	0.502179
0.116509	0.921911
-0.158342	-0.963591
-0.0538585	0.999808
0.112244	0.720223
-0.157167	0.999606
-0.0594594	-0.980236
0.105614	-0.920421
-0.155872	-0.95825
-0.0670651	0.992394
0.0969183	0.958506
-0.153792	0.999512
-0.0859478	-0.547642
0.0675999	-0.756155
-0.15166	-0.949459
-0.106051	0.599483
0.0376549	0.63673
-0.149476	0.999438
-0.1275	-0.0682517
0.00669929	-0.310924
-0.147237	-0.947589
-0.150446	0.140816
-0.0256687	0.0750486
-0.145334	0.999446
-0.169656	-0.594125
-0.0490693	0.0229555
-0.143014	-0.971936
-0.195594	0.999992
-0.0845579	0.992596
-0.139898	0.999519
-0.23367	-0.632555
-0.143125	-0.715241
-0.136652	-0.956011
-0.274902	0.844522
-0.20696	0.832425
-0.133358	0.999459
-0.318393	-0.740484
-0.274524	-0.612727
-0.12941	-0.962508
-0.372693	0.985209
-0.363266	0.949592
-0.125154	0.999488
-0.43335	-0.910823
-0.464638	-0.745066
-0.120853	-0.964041
-0.497158	0.98105
-0.57266	0.970418
-0.116791	0.999482
-0.560659	-0.954664
-0.681025	-0.735825
-0.113263	-0.965329
-0.620331	0.973701
-0.783353	0.977155
-0.110324	0.999484
-0.675852	-0.981022
-0.879678	-0.740032
-0.108123	-0.965549
-0.725671	0.947331
-0.967647	0.978617
-0.10666	0.999482
-0.770154	-0.989325
-1.04861	-0.718975
-0.105949	-0.965476
-0.809451	0.912421
-1.12349	0.979533
-0.105988	0.999484
-0.843898	-0.992771
-1.19353	-0.686791
-0.148509	-0.96495
-0.0751408	0.869615
0.146829	0.98005
-0.144442	0.999433
-0.0833941	0.680715
0.139875	-0.329735
-0.140375	-0.916607
-0.0921443	-0.999878
0.134558	-0.987445
-0.136455	0.999156
-0.0993934	0.782837
0.134906	0.948497
-0.13188	-0.963532
-0.116296	0.997104
0.118712	0.174393
-0.127303	0.999663
-0.133908	-0.999967
0.103872	-0.989699
-0.122733	-0.965849
-0.152207	0.995177
0.0904505	0.970682
-0.117367	0.999391
-0.182392	0.0496562
0.0560514	-0.586162
-0.111997	-0.947359
-0.213713	-0.950525
0.0222017	-0.595316
-0.106621	0.998938
-0.246362	0.998169
-0.0115497	0.991731
-0.100436	-0.965625
-0.291575	0.969855
-0.0678701	-0.303683
-0.0942416	0.999702
-0.338633	-1
-0.125245	-0.998065
-0.088083	-0.971756
-0.387174	0.994056
-0.183095	0.979605
-0.0811596	0.999277
-0.448353	-0.0171211
-0.264193	-0.412977
-0.0742226	-0.963268
-0.512359	-0.367009
-0.348812	0.175483
-0.0672684	0.99871
-0.57954	0.999537
-0.437924	0.990236
-0.0595017	-0.971612
-0.660824	0.923247
-0.554073	-0.118961
-0.0517181	0.999591
-0.746193	-0.999999
-0.677235	-0.990479
-0.0446499	-0.976617
-0.826666	0.974973
-0.789581	0.986091
-0.0378211	0.999145
-0.908805	-0.637584
-0.904787	-0.190919
-0.0305024	-0.983032
-1.0021	0.999823
-1.04226	0.996058
-0.0231202	0.999151
-1.10188	-0.86541
-1.19317	-0.217899
-0.34027	-0.985916
-0.0583183	0.999972
0.140457	0.999173
-0.341326	0.999861
-0.0589364	-0.347622
0.130363	-0.701463
-0.342379	-0.836336
-0.0599457	-0.327049
0.121718	0.18417
-0.343428	0.999477
-0.0613635	0.998888
0.114392	0.96347
-0.343674	-0.852174
-0.0742609	0.82609
0.0861912	-0.65401
-0.34392	0.999889
-0.0876067	-1
0.0589892	-0.999565
-0.344331	-0.868774
-0.099174	0.969765
0.0370707	0.944928
-0.344112	0.999736
-0.12003	-0.673083
-0.00185258	-0.750271
-0.343632	-0.856974
-0.145211	0.843737
-0.0480481	0.821032
-0.342925	0.999719
-0.174385	-0.75487
-0.10111	-0.687554
-0.341575	-0.867662
-0.213441	0.962378
-0.173132	0.916659
-0.339805	0.999749
-0.259538	-0.915815
-0.258796	-0.799472
-0.337859	-0.869908
-0.309576	0.958261
-0.352335	0.949037
-0.336056	0.999753
-0.359487	-0.950585
-0.446142	-0.79368
-0.334696	-0.869823
-0.405451	0.930754
-0.533168	0.954568
-0.333952	0.999755
-0.445455	-0.972598
-0.610006	-0.781348
-0.333917	-0.868578
-0.478486	0.888195
-0.67521	0.957393
-0.334616	0.999754
-0.504467	-0.977981
-0.729132	-0.743903
-0.336058	-0.867108
-0.523423	0.867171
-0.772264	0.960602
-0.338251	0.999759
-0.535399	-0.984085
-0.80508	-0.736309
-0.341203	-0.861889
-0.540381	0.807177
-0.827887	0.958373
-0.344911	0.999754
-0.538438	-0.977969
-0.841095	-0.664155
-0.349367	-0.859497
-0.529661	0.871197
-0.845105	0.963983
-0.354577	0.999777
-0.513907	-0.993706
-0.839824	-0.800402
-0.360554	-0.837462
-0.490885	0.325619
-0.824837	0.928335
-0.36651	0.999657
-0.471022	0.618087
-0.819837	0.607501
-0.372444	-0.780933
-0.45418	-0.959445
-0.824738	-0.751092
-0.37915	0.999637
-0.4296	-0.930049
-0.819613	0.850686
-0.385832	-0.929092
-0.407853	1
-0.824445	0.999921
-0.392492	0.9999
-0.38879	-0.999711
-0.839285	-0.955117
-0.399924	-0.761635
-0.361502	-0.925483
-0.844263	0.687849
-0.407335	0.999173
-0.336634	0.999999
-0.859396	0.999518
-0.414725	-0.690873
-0.314016	-0.997415
-0.88488	-0.965307
-0.422891	0.999626
-0.282637	-0.999586
-0.901154	0.23748
-0.431037	-0.848888
-0.253195	0.999953
-0.92811	0.996236
-0.439163	0.999897
-0.225494	-0.999993
-0.966105	-0.990992
-0.448067	-0.629853
-0.188421	-0.999298
-0.996111	-0.138175
-0.457738	0.999342
-0.141879	-0.198905
-1.01885	0.904094
-0.467384	-0.753919
-0.0965301	0.975719
-1.05359	0.768657
-0.477016	0.999895
-0.0519299	-1
-1.10052	-0.999344
-0.487429	-0.471601
0.00317637	-0.999993
-1.14152	-0.804775
-0.498624	0.99932
0.0691241	-0.999999
-1.17722	-0.804723
0.230285	-0.413178
-0.115873	-0.999994
-0.0538158	-0.854948
0.234719	0.839346
-0.123911	0.934789
-0.0623237	0.953355
0.23984	-0.98732
-0.142184	0.840901
-0.0906188	-0.616527
0.244967	0.998361
-0.161361	-1
-0.120117	-0.999635
0.249493	-0.99589
-0.17321	0.961755
-0.13444	0.934139
0.254128	0.995694
-0.187558	-0.767612
-0.153313	-0.784307
0.258876	-0.995934
-0.204588	0.938067
-0.177157	0.879622
0.26355	0.995555
-0.221785	-0.854149
-0.201011	-0.795473
0.268407	-0.996344
-0.242806	0.976094
-0.232281	0.93207
0.273437	0.995308
-0.267632	-0.856317
-0.271042	-0.797171
0.278475	-0.996507
-0.294144	0.968932
-0.313217	0.932755
0.283361	0.995071
-0.320289	-0.884049
-0.354888	-0.788587
0.288074	-0.996735
-0.345941	0.973414
-0.395988	0.946137
0.292474	0.994843
-0.369365	-0.908024
-0.433252	-0.785458
0.296512	-0.996917
-0.390013	0.974691
-0.465765	0.954609
0.300103	0.994631
-0.406887	-0.924166
-0.491705	-0.781262
0.30322	-0.997062
-0.419706	0.975964
-0.510637	0.960184
0.305828	0.994443
-0.428096	-0.931941
-0.521903	-0.777061
0.307926	-0.997171
-0.4321	0.977717
-0.525633	0.963489
0.309511	0.994285
-0.431691	-0.9317
-0.521768	-0.7725
0.310617	-0.997247
-0.427328	0.980217
-0.511174	0.96515
0.311266	0.99416
-0.419281	-0.9233
-0.494298	-0.767564
0.311529	-0.997292
-0.40846	0.982857
-0.472829	0.965253
0.311465	0.994069
-0.395609	-0.905693
-0.448104	-0.762082
0.311162	-0.997306
-0.381819	0.984593
-0.422146	0.963341
0.310725	0.994011
-0.36844	-0.879949
-0.397489	-0.756738
0.310208	-0.99729
-0.35613	0.984516
-0.375315	0.958807
0.30972	0.993986
-0.346297	-0.854576
-0.358319	-0.753627
0.309264	-0.997255
-0.338921	0.982653
-0.346376	0.952548
0.308892	0.993995
-0.334678	-0.842576
-0.340787	-0.754497
0.30858	-0.997224
-0.333217	0.980514
-0.340836	0.948061
0.308316	0.994031
-0.334364	-0.848113
-0.34619	-0.758991
0.30807	-0.997207
-0.337703	0.979306
-0.356068	0.947597
0.307779	0.994087
-0.342411	-0.86581
-0.368899	-0.765945
0.307403	-0.997196
-0.347964	0.978626
-0.383732	0.949899
0.306856	0.994164
-0.353216	-0.887717
-0.398394	-0.774291
0.306086	-0.997177
-0.357511	0.977673
-0.411692	0.952646
0.305019	0.994264
-0.359845	-0.906729
-0.421737	-0.782887
0.303606	-0.997139
-0.359568	0.976124
-0.427332	0.954206
0.301803	0.994388
-0.356093	-0.918846
-0.427388	-0.790725
0.299581	-0.997076
-0.348993	0.974434
-0.421098	0.954029
0.296932	0.994536
-0.338123	-0.922959
-0.408185	-0.797495
0.293857	-0.996985
-0.32341	0.973388
-0.388473	0.952072
0.290386	0.994706
-0.305193	-0.918999
-0.362572	-0.803586
0.286551	-0.996863
-0.283787	0.973181
-0.331007	0.948094
0.282436	0.994897
-0.2602	-0.906907
-0.295659	-0.809532
0.278094	-0.996708
-0.23502	0.972896
-0.257552	0.941273
0.273654	0.995104
-0.209882	-0.888352
-0.219798	-0.815939
0.269164	-0.996518
-0.18528	0.971025
-0.183232	0.930601
0.264742	0.995322
-0.16271	-0.870406
-0.150711	-0.823736
0.260409	-0.996303
-0.142318	0.967223
-0.122409	0.917163
0.256227	0.995545
-0.124853	-0.862587
-0.099731	-0.833362
0.2522	-0.996089
-0.110267	0.963315
-0.0825236	0.905546
0.248342	0.995765
-0.0986694	-0.867366
-0.0709734	-0.844037
0.244647	-0.995887
-0.089898	0.960364
-0.0647553	0.898916
0.241093	0.995972
-0.083606	-0.880968
-0.0632045	-0.854522
0.237654	-0.995693
-0.0794069	0.957455
-0.0656033	0.896484
0.234279	0.996166
-0.076554	-0.898525
-0.0705336	-0.863955
0.230923	-0.995499
-0.0744208	0.953549
-0.0768334	0.896021
0.227515	0.996349
-0.0719953	-0.915264
-0.0825767	-0.871941
0.224003	-0.995293
-0.0685626	0.948279
-0.0864299	0.895226
0.220323	0.996522
-0.063198	-0.927641
-0.0866291	-0.878384
0.216437	-0.995065
-0.0553581	0.942685
-0.0821536	0.89268
0.212314	0.996689
-0.0445668	-0.934399
-0.0720911	-0.883826
0.207947	-0.994809
-0.0306461	0.939037
-0.0560933	0.888038
0.203348	0.996855
-0.0137047	-0.936228
-0.0343529	-0.889508
0.198546	-0.994524
0.00597716	0.939007
-0.00737283	0.881449
0.193594	0.997021
0.0277601	-0.934544
0.0236539	-0.896381
0.188558	-0.99421
0.0508768	0.942121
0.0573008	0.873059
0.183514	0.997184
0.0744051	-0.931064
0.0918472	-0.904307
0.17855	-0.993872
0.0972603	0.946296
0.125252	0.86318
0.173734	0.997341
0.118647	-0.928281
0.156052	-0.912496
0.169146	-0.993523
0.137571	0.949562
0.18237	0.852919
0.164823	0.997485
0.153642	-0.928964
0.203519	-0.920195
0.160815	-0.993178
0.16627	0.950942
0.218386	0.844184
0.157123	0.997614
0.175515	-0.934228
0.227116	-0.926865
0.153757	-0.992849
0.181294	0.94975
0.229541	0.838046
0.150683	0.997726
0.184115	-0.942907
0.226634	-0.932175
0.147868	-0.992539
0.184441	0.945109
0.219247	0.833782
0.145243	0.997821
0.183229	-0.952504
0.2092	-0.935965
0.142738	-0.99224
0.181427	0.936576
0.198284	0.829816
0.14027	0.997902
0.180199	-0.9603
0.188713	-0.938129
0.13776	-0.991946
0.180605	0.925791
0.182513	0.825096
0.135146	0.997973
0.183491	-0.96475
0.181295	-0.938961
0.132388	-0.991655
0.189454	0.917816
0.186211	0.819946
0.129471	0.998038
0.198728	-0.966195
0.197714	-0.939805
0.126411	-0.991367
0.211128	0.917952
0.215459	0.815389
0.123239	0.998104
0.226316	-0.965868
0.238833	-0.942236
0.120033	-0.991087
0.243291	0.926325
0.26593	0.811922
0.116858	0.99817
0.261278	-0.964422
0.295316	-0.946177
0.113826	-0.990817
0.278831	0.937967
0.324242	0.809093
0.111013	0.99823
0.295013	-0.96219
0.350974	-0.950246
0.108512	-0.990568
0.308654	0.947533
0.373313	0.806015
0.106379	0.99828
0.319073	-0.960403
0.390015	-0.953483
0.104662	-0.990351
0.325688	0.952669
0.400004	0.802692
0.103376	0.998319
0.32831	-0.960775
0.402948	-0.955741
0.102531	-0.990181
0.326836	0.953196
0.398647	0.800118
0.102101	0.998346
0.321608	-0.963815
0.387748	-0.957073
0.102059	-0.990067
0.312963	0.949035
0.370842	0.79868
0.102336	0.99836
0.301796	-0.968441
0.34961	-0.957402
0.102861	-0.990002
0.289006	0.939804
0.325713	0.797775
0.103538	0.998362
0.275825	-0.972677
0.301474	-0.956443
0.104259	-0.989978
0.263647	0.926628
0.279545	0.79701
0.104951	0.998354
0.253418	-0.97474
0.261699	-0.953926
0.105524	-0.989992
0.246315	0.915103
0.250204	0.797233
0.105958	0.998338
0.242576	-0.974145
0.245485	-0.950586
0.106229	-0.990041
0.242481	0.913015
0.248089	0.799687
0.10637	0.998324
0.245605	-0.971681
0.257199	-0.948383
0.106433	-0.990118
0.251244	0.921851
0.271475	0.804365
0.10649	0.998312
0.258437	-0.967848
0.289097	-0.948112
0.10664	-0.990218
0.265867	0.935487
0.307555	0.809879
0.106979	0.998299
0.272271	-0.962408
0.324463	-0.948507
0.107595	-0.990339
0.276462	0.946868
0.337584	0.814316
0.108566	0.998278
0.277405	-0.956273
0.344964	-0.9483
0.109938	-0.990485
0.274494	0.952873
0.34548	0.817121
0.111741	0.998247
0.267263	-0.952145
0.338248	-0.947183
0.113977	-0.990672
0.25567	0.953647
0.323181	0.820057
0.116631	0.998205
0.239832	-0.951914
0.300468	-0.945084
0.119657	-0.990906
0.220295	0.949702
0.271105	0.824797
0.122994	0.99815
0.197757	-0.954907
0.23636	-0.941666
0.126539	-0.99118
0.173522	0.941025
0.198683	0.831197
0.1302	0.998081
0.148721	-0.958496
0.160174	-0.936293
0.133836	-0.991478
0.125116	0.929072
0.124195	0.838433
0.13737	0.997999
0.10367	-0.959672
0.0925224	-0.928408
0.140701	-0.991786
0.0856413	0.919427
0.0675611	0.846228
0.143799	0.99791
0.0713397	-0.957286
0.0498468	-0.91915
0.146632	-0.992094
0.0611197	0.918673
0.0400493	0.854571
0.14922	0.997825
0.0546558	-0.952138
0.0375219	-0.911548
0.15159	-0.992387
0.051538	0.927102
0.0414895	0.862782
0.153804	0.997745
0.0508731	-0.944152
0.0502477	-0.906764
0.155937	-0.992659
0.0516415	0.93921
0.0618662	0.86947
0.158081	0.997666
0.0525485	-0.932112
0.0738827	-0.903084
0.160326	-0.992904
0.052374	0.949125
0.0839871	0.873193
0.162755	0.997583
0.0499567	-0.917099
0.0899785	-0.898733
0.165425	-0.993132
0.0444992	0.954236
0.0903623	0.874119
0.168378	0.997493
0.0353813	-0.90432
0.0839678	-0.893234
0.171622	-0.993367
0.0224377	0.955558
0.0704963	0.875509
0.175159	0.997392
0.00558148	-0.898658
0.049766	-0.886549
0.178953	-0.993627
-0.0148216	0.955002
0.0224615	0.880795
0.182969	0.99728
-0.0383689	-0.900715
-0.0106954	-0.878441
0.187139	-0.99391
-0.0642833	0.953539
-0.0482633	0.890223
0.191384	0.997156
-0.0916196	-0.908296
-0.0884878	-0.868892
0.195626	-0.994203
-0.119444	0.951993
-0.129652	0.902008
0.199755	0.997026
-0.146416	-0.917656
-0.169231	-0.858303
0.203706	-0.994487
-0.171795	0.951458
-0.205898	0.913837
0.207381	0.996895
-0.194368	-0.925042
-0.237359	-0.847382
0.210746	-0.994744
-0.213797	0.953149
-0.263055	0.924093
0.213742	0.99677
-0.229414	-0.928067
-0.281732	-0.836964
0.21637	-0.994967
-0.241317	0.957566
-0.293622	0.932173
0.218621	0.996656
-0.249457	-0.92533
-0.298632	-0.827393
0.220531	-0.995149
-0.254368	0.963764
-0.297789	0.937946
0.222139	0.996552
-0.256623	-0.915421
-0.292163	-0.81798
0.223512	-0.995291
-0.257161	0.969783
-0.283533	0.941237
0.224732	0.996458
-0.257109	-0.897713
-0.274039	-0.807729
0.225873	-0.995392
-0.257484	0.973763
-0.2656	0.941812
0.227025	0.996373
-0.259513	-0.875865
-0.260565	-0.796726
0.228231	-0.995464
-0.263804	0.975193
-0.260068	0.940407
0.229539	0.996298
-0.271044	-0.859519
-0.26543	-0.786347
0.230958	-0.995532
-0.281391	0.975443
-0.276944	0.939928
0.232476	0.996234
-0.294758	-0.856914
-0.294449	-0.777776
0.234085	-0.995618
-0.311087	0.976224
-0.317878	0.943156
0.235715	0.996179
-0.329529	-0.868422
-0.345615	-0.771429
0.237344	-0.995718
-0.349885	0.977723
-0.377366	0.949624
0.238858	0.996138
-0.370728	-0.888657
-0.410419	-0.767349
0.240221	-0.995817
-0.391678	0.97918
-0.444161	0.956856
0.241319	0.996113
-0.41132	-0.909998
-0.475934	-0.765093
0.242105	-0.99589
-0.429135	0.979979
-0.504857	0.962758
0.242504	0.996109
-0.444234	-0.926708
-0.529313	-0.763716
0.242474	-0.995925
-0.456144	0.980218
-0.548488	0.9667
0.241981	0.996129
-0.464469	-0.936827
-0.561702	-0.76243
0.241003	-0.995918
-0.468982	0.980505
-0.568568	0.969
0.23953	0.996174
-0.469562	-0.94062
-0.568884	-0.761072
0.237569	-0.995869
-0.46633	0.981354
-0.562885	0.970091
0.235127	0.996245
-0.459338	-0.93855
-0.550634	-0.759814
0.232245	-0.995776
-0.449106	0.982776
-0.53309	0.970159
0.228949	0.996339
-0.435911	-0.930462
-0.510698	-0.75873
0.22531	-0.995636
-0.420625	0.984273
-0.48507	0.969095
0.221385	0.996454
-0.40393	-0.916183
-0.45742	-0.757967
0.217249	-0.995444
-0.386734	0.985074
-0.429421	0.966525
0.212994	0.996585
-0.370191	-0.897851
-0.403233	-0.758356
0.208665	-0.995198
-0.354791	0.984516
-0.379726	0.962164
0.204352	0.99673
-0.341692	-0.882471
-0.361106	-0.761454
0.200055	-0.994912
-0.330817	0.982547
-0.347162	0.956799
0.195817	0.996886
-0.32268	-0.878398
-0.338885	-0.768217
0.191608	-0.994609
-0.316823	0.979935
-0.335356	0.952543
0.187411	0.997047
-0.312985	-0.88703
-0.336081	-0.777996
0.183177	-0.9943
-0.310482	0.977241
-0.339748	0.950527
0.17885	0.99721
-0.308527	-0.902645
-0.344858	-0.789316
0.174369	-0.993967
-0.30627	0.974133
-0.349798	0.94974
0.16967	0.997372
-0.302824	-0.918137
-0.352888	-0.800596
0.164693	-0.993588
-0.297343	0.970306
-0.35252	0.948624
0.159396	0.997533
-0.289232	-0.928808
-0.347573	-0.810649
0.153741	-0.993143
-0.277907	0.96634
-0.336923	0.946274
0.147723	0.997692
-0.263239	-0.933089
-0.320317	-0.819345
0.141336	-0.992619
-0.245057	0.963434
-0.297389	0.942371
0.13462	0.99785
-0.223784	-0.931169
-0.268923	-0.827556
0.127604	-0.992002
-0.199689	0.962125
-0.235361	0.936599
0.120374	0.998004
-0.173837	-0.9239
-0.198714	-0.836168
0.112987	-0.99128
-0.14683	0.961514
-0.160053	0.928366
0.105559	0.998154
-0.120123	-0.913646
-0.12215	-0.845575
0.0981476	-0.990448
-0.0943444	0.959992
-0.0861272	0.917323
0.0908462	0.998297
-0.0706481	-0.905653
-0.054176	-0.855906
0.0836916	-0.989526
-0.0493989	0.956935
-0.0269292	0.90485
0.0767277	0.998432
-0.0310828	-0.905278
-0.00528801	-0.866926
0.069966	-0.988551
-0.0157497	0.952979
0.0106868	0.894024
0.0634062	0.998555
-0.00330544	-0.913088
0.0211923	-0.877832
0.0570324	-0.987541
0.0065419	0.948003
0.0267899	0.886344
0.0508089	0.998666
0.014346	-0.92547
0.0285377	-0.887588
0.044691	-0.986483
0.0207725	0.940751
0.0276964	0.880588
0.0386173	0.998766
0.026708	-0.937989
0.0259541	-0.895402
0.0325267	-0.985351
0.0330346	0.930556
0.0249855	0.874748
0.0263569	0.998855
0.0406527	-0.947381
0.0265067	-0.901007
0.0200574	-0.984119
0.0503067	0.919034
0.0319357	0.86755
0.0135937	0.998935
0.0625307	-0.952694
0.0422918	-0.905193
0.00694781	-0.982772
0.0776437	0.910293
0.058192	0.85888
0.000123078	0.999011
0.0956896	-0.955069
0.0797338	-0.90997
-0.00685707	-0.981302
0.116448	0.907982
0.106517	0.849206
-0.0139588	0.999084
0.139573	-0.956183
0.137919	-0.91695
-0.021114	-0.979708
0.164257	0.912432
0.172422	0.839043
-0.0282715	0.999153
0.189937	-0.957099
0.209015	-0.925837
-0.0353283	-0.978003
0.215345	0.920821
0.245288	0.828831
-0.0422331	0.999216
0.239926	-0.958409
0.280264	-0.935049
-0.0488837	-0.976216
0.262421	0.929093
0.311556	0.818838
-0.0552464	0.999273
0.282503	-0.960691
0.338622	-0.943157
-0.0612535	-0.974387
0.299369	0.934171
0.359952	0.809216
-0.0668998	0.999322
0.31305	-0.964406
0.375665	-0.949596
-0.0721589	-0.972552
0.323273	0.934564
0.385244	0.800013
-0.0770589	0.999363
0.330482	-0.969323
0.38957	-0.954377
-0.0816096	-0.970735
0.33486	0.929512
0.388968	0.790864
-0.0858721	0.999397
0.337264	-0.97443
0.385087	-0.957598
-0.089889	-0.968945
0.338294	0.918776
0.379037	0.781185
-0.0937373	0.999425
0.339003	-0.978499
0.372839	-0.959285
-0.0974792	-0.967194
0.340245	0.904207
0.368106	0.771063
-0.101174	0.999448
0.342837	-0.980839
0.366401	-0.959664
-0.104869	-0.965502
0.347434	0.891646
0.368982	0.761816
-0.108586	0.999468
0.354371	-0.981723
0.376492	-0.959742
-0.112325	-0.963894
0.36367	0.88829
0.388982	0.755134
-0.116075	0.999487
0.375256	-0.982018
0.40634	-0.960971
-0.119782	-0.962392
0.388447	0.896242
0.427273	0.751809
-0.123412	0.999505
0.402865	-0.982176
0.451116	-0.963672
-0.126882	-0.961021
0.417462	0.911157
0.475898	0.75152
-0.130137	0.999522
0.43159	-0.981968
0.50045	-0.966777
-0.133104	-0.959816
0.444348	0.926644
0.523121	0.753201
-0.135719	0.999536
0.454952	-0.981172
0.542476	-0.969195
-0.137938	-0.958818
0.46288	0.93839
0.557602	0.755625
-0.13971	0.999546
0.467473	-0.980066
0.56729	-0.970548
-0.141013	-0.958065
0.468501	0.94493
0.571157	0.758078
-0.141824	0.999551
0.465632	-0.979305
0.568585	-0.970919
-0.142139	-0.957591
0.458809	0.946218
0.559465	0.760566
-0.141967	0.999553
0.448102	-0.979409
0.543901	-0.970422
-0.141321	-0.957414
0.433619	0.942141
0.522037	0.763347
-0.140245	0.999551
0.415864	-0.980342
0.494772	-0.968979
-0.138779	-0.957525
0.395265	0.931949
0.462822	0.766462
-0.136997	0.999545
0.372682	-0.981429
0.42775	-0.966211
-0.134986	-0.957895
0.349161	0.915083
0.391469	0.770011
-0.132816	0.999535
0.325518	-0.981535
0.355457	-0.961371
-0.130615	-0.958495
0.303369	0.894434
0.322781	0.774881
-0.128414	0.999522
0.282988	-0.979608
0.29387	-0.953905
-0.126317	-0.959306
0.265685	0.879268
0.271244	0.782563
-0.124306	0.999507
0.251139	-0.975743
0.254196	-0.945253
-0.122419	-0.960279
0.239748	0.878154
0.243497	0.793352
-0.120613	0.999494
0.230888	-0.971384
0.237907	-0.938689
-0.118863	-0.961344
0.224159	0.889676
0.236661	0.805981
-0.117115	0.999482
0.218763	-0.967035
0.23823	-0.935174
-0.115305	-0.962456
0.213803	0.906374
0.240901	0.818802
-0.113369	0.999471
0.208363	-0.961933
0.242933	-0.932914
-0.11124	-0.963601
0.201481	0.921199
0.242495	0.830372
-0.10886	0.999457
0.192341	-0.955912
0.238037	-0.92994
-0.106193	-0.964784
0.180356	0.930354
0.22844	0.840119
-0.103207	0.999441
0.165045	-0.950285
0.212774	-0.925242
-0.0999095	-0.966028
0.146396	0.933298
0.191011	0.84887
-0.096304	0.999421
0.124355	-0.946856
0.163	-0.918468
-0.0924443	-0.967355
0.0995333	0.931104
0.129889	0.85811
-0.088369	0.999399
0.072312	-0.946065
0.0923394	-0.909293
-0.0841697	-0.968757
0.0438009	0.925494
0.052447	0.868572
-0.0799121	0.999373
0.0147396	-0.946665
0.0115558	-0.897427
-0.0756918	-0.970195
-0.013719	0.919438
-0.0281667	0.880027
-0.0715813	0.999345
-0.0407358	-0.947105
-0.0651738	-0.883456
-0.0676441	-0.971617
-0.0655933	0.917094
-0.0981499	0.89186
-0.0639382	0.999318
-0.0876334	-0.946829
-0.125875	-0.869654
-0.0604867	-0.972964
-0.10667	0.921049
-0.148048	0.903288
-0.0573203	0.999292
-0.122389	-0.945542
-0.164079	-0.85847
-0.054427	-0.974184
-0.135052	0.930341
-0.174497	0.913445
-0.0518022	0.999269
-0.144798	-0.942035
-0.179554	-0.85004
-0.0494002	-0.975255
-0.152318	0.942028
-0.180573	0.921739
-0.0471789	0.999246
-0.158238	-0.934914
-0.178728	-0.842679
-0.0450647	-0.976177
-0.163608	0.952913
-0.176026	0.927938
-0.0429921	0.999225
-0.169366	-0.924043
-0.174246	-0.834569
-0.0408865	-0.97697
-0.176574	0.960699
-0.175426	0.932157
-0.0386937	0.999203
-0.186023	-0.912431
-0.181076	-0.825038
-0.0363706	-0.977683
-0.198361	0.965032
-0.192449	0.935384
-0.0339073	0.999181
-0.213794	-0.906148
-0.209949	-0.814862
-0.0313009	-0.978386
-0.232455	0.967229
-0.23386	0.939526
-0.0286012	0.99916
-0.253761	-0.909486
-0.263083	-0.805279
-0.0258379	-0.979119
-0.27743	0.968617
-0.297141	0.9456
-0.0231178	0.999141
-0.302132	-0.920876
-0.333498	-0.797016
-0.0204944	-0.97984
-0.327284	0.9695
-0.371124	0.952552
-0.0180902	0.999125
-0.351358	-0.934563
-0.407129	-0.789868
-0.0159651	-0.98047
-0.373686	0.969936
-0.440326	0.958724
-0.014205	0.999111
-0.393239	-0.945436
-0.468815	-0.783077
-0.0128516	-0.980957
-0.409571	0.970618
-0.491821	0.963431
-0.0119464	0.999102
-0.422226	-0.951636
-0.508536	-0.776369
-0.0114985	-0.981283
-0.431163	0.972424
-0.518932	0.966833
-0.0115204	0.999098
-0.436269	-0.953257
-0.522809	-0.770053
-0.0119832	-0.981445
-0.437969	0.975505
-0.520996	0.969226
-0.0128794	0.999099
-0.436374	-0.950555
-0.513661	-0.764196
-0.0141411	-0.981445
-0.432391	0.979202
-0.502534	0.970763
-0.01574	0.999105
-0.426376	-0.943605
-0.488221	-0.75851
-0.017584	-0.981281
-0.419537	0.982505
-0.473024	0.971446
-0.0196223	0.999115
-0.412519	-0.933342
-0.458112	-0.753108
-0.0217757	-0.980955
-0.406352	0.984594
-0.445447	0.971233
-0.0239871	0.999129
-0.401772	-0.923311
-0.436412	-0.749173
-0.0262191	-0.980486
-0.399261	0.9852
-0.431918	0.970364
-0.0284445	0.999148
-0.39917	-0.919244
-0.432643	-0.748451
-0.0306714	-0.979916
-0.401391	0.984535
-0.438377	0.969532
-0.0329238	0.99917
-0.40561	-0.924273
-0.44854	-0.751765
-0.0352518	-0.979272
-0.411173	0.982834
-0.461895	0.969265
-0.0377136	0.999196
-0.417327	-0.935528
-0.477037	-0.758284
-0.0403951	-0.978521
-0.422944	0.979985
-0.491832	0.969254
-0.0433517	0.999225
-0.427311	-0.94724
-0.504981	-0.766016
-0.0466789	-0.977598
-0.429164	0.975984
-0.514082	0.968859
-0.0504088	0.999256
-0.428078	-0.955403
-0.518397	-0.773031
-0.054608	-0.976455
-0.423151	0.971765
-0.516203	0.967811
-0.0592861	0.999288
-0.414218	-0.958878
-0.507211	-0.778912
-0.0644635	-0.975061
-0.400946	0.968968
-0.49076	0.966115
-0.0701294	0.999323
-0.383395	-0.957799
-0.46692	-0.784769
-0.0762569	-0.973371
-0.361818	0.968549
-0.436105	0.963679
-0.0828033	0.999359
-0.336654	-0.951957
-0.399062	-0.791507
-0.0896949	-0.971333
-0.308755	0.969988
-0.357328	0.960145
-0.0968299	0.999396
-0.279333	-0.940723
-0.313139	-0.799095
-0.10411	-0.968884
-0.249565	0.971384
-0.268663	0.954771
-0.111378	0.999432
-0.22143	-0.925494
-0.227679	-0.807505
-0.118565	-0.965982
-0.1957	0.970318
-0.19158	0.946681
-0.125548	0.999467
-0.17394	-0.913574
-0.163376	-0.817464
-0.132319	-0.962704
-0.156124	0.965665
-0.142945	0.936702
-0.138839	0.9995
-0.142678	-0.913497
-0.131107	-0.829141
-0.145153	-0.959246
-0.13293	0.958213
-0.126535	0.928036
-0.151295	0.999531
-0.126348	-0.924484
-0.128224	-0.841182
-0.157347	-0.955655
-0.121732	0.947797
-0.13387	0.921901
-0.163393	0.999559
-0.117925	-0.938533
-0.141276	-0.851324
-0.169537	-0.951789
-0.113462	0.932822
-0.147646	0.916326
-0.175859	0.999584
-0.107201	-0.948604
-0.150826	-0.857395
-0.182438	-0.947506
-0.0980156	0.9147
-0.148678	0.909533
-0.189308	0.999607
-0.0853828	-0.952702
-0.14024	-0.85997
-0.196501	-0.942709
-0.0687764	0.899245
-0.124511	0.901093
-0.204	0.999628
-0.0483333	-0.952849
-0.101772	-0.863512
-0.211801	-0.937273
-0.0240087	0.890552
-0.0719041	0.890689
-0.219845	0.99965
0.0035555	-0.951258
-0.0361228	-0.87142
-0.228094	-0.931087
0.0339773	0.888663
0.00490886	0.877847
-0.236468	0.99967
0.0663219	-0.9493
0.0494456	-0.883607
-0.244891	-0.924134
0.0997426	0.891886
0.0959368	0.862633
-0.253287	0.999689
0.133374	-0.94853
0.142805	-0.898369
-0.261555	-0.916514
0.166025	0.897581
0.187822	0.845994
-0.269644	0.999707
0.197175	-0.950225
0.230099	-0.913377
-0.277457	-0.908407
0.225686	0.902773
0.267493	0.829357
-0.284973	0.999722
0.251435	-0.954664
0.299871	-0.926675
-0.292129	-0.899994
0.273713	0.904501
0.325904	0.813558
-0.298932	0.999734
0.29275	-0.960966
0.3461	-0.937207
-0.305361	-0.89139
0.308388	0.900061
0.360161	0.798144
-0.311451	0.999744
0.321193	-0.967653
0.369197	-0.944713
-0.317223	-0.882638
0.331534	0.887221
0.373898	0.781841
-0.322734	0.999751
0.340255	-0.973217
0.375876	-0.949237
-0.328039	-0.873766
0.348157	0.865306
0.37665	0.763666
-0.333197	0.999756
0.356092	-0.976638
0.377827	-0.950948
-0.338271	-0.864839
0.364974	0.838168
0.381157	0.743956
-0.343298	0.999758
0.375339	-0.977999
0.387644	-0.950827
-0.348313	-0.855966
0.387747	0.815396
0.39836	0.724381
-0.353332	0.999761
0.402465	-0.978745
0.413822	-0.951377
-0.358343	-0.847236
0.419432	0.806416
0.433914	0.706775
-0.36336	0.999764
0.438914	-0.980504
0.459204	-0.955031
-0.36832	-0.838744
0.460198	0.814545
0.488337	0.692446
-0.373241	0.999768
0.483645	-0.983454
0.522121	-0.961746
-0.378024	-0.830677
0.508053	0.837242
0.55829	0.682178
-0.382684	0.999773
0.533758	-0.986605
0.597641	-0.969471
-0.387116	-0.823336
0.559534	0.868166
0.637922	0.676398
-0.391313	0.999778
0.585435	-0.988925
0.679407	-0.976105
-0.395203	-0.817076
0.610686	0.900146
0.720782	0.67535
-0.398739	0.999781
0.634789	-0.989902
0.76126	-0.9807
-0.401884	-0.812247
0.657457	0.927934
0.800523	0.679035
-0.404545	0.999784
0.677583	-0.989341
0.836625	-0.9833
-0.406708	-0.809137
0.695145	0.948937
0.869772	0.686804
-0.408266	0.999784
0.708867	-0.987022
0.89772	-0.984283
-0.409215	-0.807966
0.718801	0.962949
0.920795	0.697318
-0.409482	0.999783
0.72406	-0.982645
0.937499	-0.983998
-0.409064	-0.808888
0.72467	0.971374
0.948061	0.709368
-0.407926	0.99978
0.72016	-0.975945
0.95174	-0.982632
-0.406067	-0.811988
0.710489	0.975949
0.948573	0.722539
-0.40347	0.999777
0.695369	-0.966771
0.938105	-0.980154
-0.400134	-0.817246
0.674674	0.977849
0.920148	0.736901
-0.396051	0.999772
0.648145	-0.955278
0.894223	-0.976294
-0.391218	-0.82453
0.615563	0.977544
0.859888	0.752751
-0.385632	0.999767
0.576628	-0.942377
0.816496	-0.970514
-0.379289	-0.833635
0.53103	0.974902
0.763337	0.770912
-0.372188	0.99976
0.478403	-0.930017
0.699528	-0.961862
-0.364328	-0.844325
0.418372	0.969172
0.624113	0.792776
-0.35571	0.999752
0.350521	-0.921157
0.535985	-0.94867
-0.346345	-0.856336
0.274558	0.958766
0.434204	0.819783
-0.336246	0.999741
0.190143	-0.919283
0.31767	-0.928052
-0.325499	-0.869369
0.0979046	0.941166
0.187132	0.852386
-0.31417	0.999729
-0.00180614	-0.926402
0.0427479	-0.895056
-0.302567	-0.883067
-0.105318	0.915528
-0.108709	0.888786
-0.290941	0.999716
-0.209778	-0.939687
-0.262099	-0.842663
-0.279548	-0.897018
-0.312257	0.898395
-0.412172	0.925077
-0.268718	0.999704
-0.408869	-0.958449
-0.551813	-0.781625
-0.258518	-0.910035
-0.499353	0.905946
-0.681148	0.953962
-0.249042	0.999698
-0.583045	-0.978348
-0.799508	-0.74708
-0.240315	-0.919748
-0.660212	0.900665
-0.908014	0.968976
-0.232341	0.999689
-0.731358	-0.986397
-1.00822	-0.698684
-0.225122	-0.927742
-0.796998	0.910733
-1.10164	0.978648
-0.218654	0.999685
-0.85767	-0.992969
-1.18984	-0.68593
0.355281	-0.932292
0.168442	0.875225
0.0906827	0.981898
0.358984	0.98794
0.166156	-0.68403
0.0801627	-0.865949
0.362661	-0.997199
0.165207	-0.318904
0.0713111	0.156096
0.366332	0.988397
0.16531	0.966579
0.0634597	0.769561
0.370047	-0.996983
0.165777	-0.845865
0.0551381	-0.963413
0.373004	0.9917
0.177688	-0.957293
0.0684838	0.2329
0.375954	-0.999013
0.190733	1
0.0828157	0.99875
0.37932	0.991779
0.199164	-0.95558
0.086602	-0.950252
0.382316	-0.997865
0.213858	0.715446
0.101646	0.686549
0.384639	0.991443
0.239069	-0.963489
0.136507	-0.918649
0.386348	-0.997994
0.27414	0.842375
0.189983	0.725484
0.387365	0.991682
0.320288	-0.986078
0.264739	-0.96091
0.387793	-0.99806
0.376373	0.884219
0.358803	0.721386
0.387708	0.991567
0.441611	-0.983636
0.470998	-0.969855
0.387563	-0.998143
0.510255	0.951456
0.590366	0.730251
0.387663	0.991461
0.578588	-0.976468
0.710081	-0.978015
0.388162	-0.998232
0.645008	0.983041
0.827714	0.741448
0.389389	0.991034
0.705642	-0.93807
0.936476	-0.978627
0.391346	-0.9983
0.760883	0.991451
1.03793	0.710764
0.394057	0.990585
0.810838	-0.883748
1.13307	-0.979659
