0.999446
-0.999955
0.991611
0.964731
0.999932
-0.0644965
0.910707
0.764267
0.999961
0.999939
0.172815
-0.403253
-0.999885
0.999968
-0.996611
-0.984122
0.866592
-1
0.998757
0.995055
0.999157
-0.86419
0.901387
0.803945
0.750234
-0.895679
0.52818
0.560222
0.551011
-0.999999
0.970155
0.966089
0.566941
-0.995861
0.734908
0.767122
-0.873801
-0.999996
0.857746
0.915346
-0.921014
-0.999987
0.774761
0.877134
-0.983436
-1
0.858722
0.933832
-0.998825
-0.999999
0.606266
0.86734
-0.962103
-1
0.987949
0.992148
-0.999996
-0.999994
-0.431435
0.55299
0.999997
-1
1
1
-1
-0.999999
-0.688478
0.469357
1
-1
1
1
-0.794896
0.999807
-0.946528
-0.844966
-0.967422
-0.99999
0.768925
0.761327
-0.989438
0.968335
-0.916612
-0.690865
0.871928
-0.999996
0.97726
0.933617
-0.891982
0.999889
-0.963132
-0.878286
-0.829476
-0.999981
0.834836
0.786199
-0.85098
0.998563
-0.916904
-0.767765
0.975594
-0.999942
0.972443
0.90329
0.766645
0.999982
-0.896587
-0.828808
0.975981
-0.999396
0.947442
0.831797
0.807937
0.999991
-0.908496
-0.84977
0.99303
-0.99913
0.960725
0.848871
0.944479
0.999995
-0.88379
-0.840298
0.990957
-0.997859
0.945333
0.80587
0.606063
0.999995
-0.9392
-0.88489
0.953689
-0.99958
0.941469
0.827744
0.154306
0.999988
-0.946045
-0.882946
0.559657
-0.999807
0.898155
0.789175
-0.917729
0.999939
-0.971398
-0.900288
-0.719782
-0.999946
0.816546
0.74799
-0.981722
0.998993
-0.961577
-0.84815
-0.512916
-0.999968
0.869631
0.797447
-0.979593
0.999707
-0.971748
-0.884864
-0.725086
-0.999958
0.827607
0.760304
-0.920994
0.999445
-0.947767
-0.834076
0.833531
-0.999905
0.941009
0.848022
0.154412
0.999985
-0.942323
-0.877859
0.938784
-0.999606
0.937393
0.820193
0.750569
0.999993
-0.923107
-0.86983
0.990291
-0.998889
0.953607
0.828129
0.916546
0.999997
-0.909918
-0.86952
0.991265
-0.998064
0.94773
0.80733
0.774415
0.999997
-0.934474
-0.889026
0.970724
-0.999225
0.940558
0.811311
0.243464
0.999993
-0.950066
-0.895898
0.706969
-0.999739
0.905771
0.785808
-0.866386
0.999964
-0.97067
-0.90676
-0.571692
-0.999932
0.83403
0.748839
-0.979476
0.999456
-0.966147
-0.869488
-0.631275
-0.999968
0.856064
0.781015
-0.979977
0.99952
-0.967525
-0.874252
-0.605881
-0.999969
0.861294
0.785143
-0.93206
0.999637
-0.955419
-0.857262
0.527209
-0.999946
0.926684
0.834639
-0.229921
0.999958
-0.939238
-0.865462
0.922371
-0.999829
0.946717
0.841721
0.748704
0.999985
-0.903935
-0.847563
0.986754
-0.999351
0.956267
0.836052
0.871656
0.999991
-0.895751
-0.849794
0.987165
-0.999168
0.953683
0.826625
0.71852
0.999989
-0.914591
-0.861602
0.952034
-0.99969
0.946424
0.829868
-0.0615172
0.999972
-0.939008
-0.872431
0.480919
-0.999933
0.919358
0.819181
-0.907219
0.999846
-0.960817
-0.880023
-0.733611
-0.999986
0.869946
0.80063
-0.985177
0.998543
-0.959489
-0.848758
-0.810742
-0.999994
0.884925
0.827126
-0.986395
0.998326
-0.95898
-0.846479
-0.757127
-0.999995
0.898458
0.839344
-0.95331
0.998875
-0.945505
-0.830738
0.191032
-0.999991
0.94324
0.873069
-0.441554
0.999765
-0.915518
-0.819735
0.896238
-0.999964
0.962276
0.881011
0.695997
0.999915
-0.855079
-0.78631
0.98213
-0.999725
0.962475
0.85455
0.736466
0.999946
-0.864903
-0.803207
0.981401
-0.999778
0.964215
0.86029
0.631622
0.999928
-0.870389
-0.802746
0.929009
-0.999888
0.954473
0.852011
-0.496329
0.99982
-0.924467
-0.836497
0.219026
-0.999989
0.940702
0.864244
-0.931219
0.999232
-0.944049
-0.838752
-0.777336
-0.999997
0.912629
0.855928
-0.989662
0.996439
-0.953237
-0.829673
-0.906644
-0.999999
0.909424
0.865553
-0.991649
0.994149
-0.949791
-0.815805
-0.830462
-0.999999
0.92842
0.882036
-0.974531
0.99679
-0.939459
-0.810088
-0.274249
-0.999998
0.951482
0.896324
-0.734981
0.998954
-0.904036
-0.786583
0.839873
-0.999991
0.970903
0.906006
0.525824
0.999682
-0.824803
-0.743297
0.976614
-0.99986
0.966454
0.866568
0.571199
0.999837
-0.846779
-0.774886
0.979027
-0.99989
0.969698
0.875695
0.611422
0.999829
-0.838865
-0.768805
0.933723
-0.999895
0.956746
0.851857
-0.611433
0.999681
-0.919692
-0.827544
0.288838
-0.999993
0.95095
0.878492
-0.904219
0.99901
-0.932653
-0.824527
-0.688319
-0.999998
0.925558
0.864527
-0.988533
0.996743
-0.952486
-0.8349
-0.918022
-0.999999
0.908538
0.861937
-0.99211
0.99354
-0.948924
-0.817858
-0.847913
-0.999999
0.926207
0.876578
-0.980076
0.996826
-0.943745
-0.822033
-0.514206
-0.999998
0.941012
0.881232
-0.838562
0.998933
-0.918071
-0.807367
0.713465
-0.999991
0.964287
0.892672
0.333999
0.999763
-0.85806
-0.780664
0.962385
-0.999889
0.963542
0.86046
0.615655
0.999909
-0.862391
-0.803027
0.973989
-0.999811
0.962481
0.850694
0.558884
0.999932
-0.878928
-0.820744
0.930794
-0.999868
0.953472
0.839312
-0.327589
0.999902
-0.926236
-0.855731
0.425239
-0.999972
0.935496
0.8372
-0.897117
0.999733
-0.951674
-0.871738
-0.697581
-0.999991
0.891992
0.809945
-0.986366
0.99882
-0.961931
-0.868568
-0.879659
-0.999995
0.872365
0.803195
-0.989819
0.997962
-0.959598
-0.857451
-0.778568
-0.999993
0.890207
0.813953
-0.972512
0.999205
-0.957305
-0.866537
-0.284023
-0.999985
0.913101
0.820478
-0.768968
0.999824
-0.943167
-0.867258
0.800292
-0.999937
0.946183
0.837757
0.516287
0.999973
-0.909031
-0.860096
0.976243
-0.999557
0.954023
0.818676
0.800641
0.999992
-0.908461
-0.875086
0.985757
-0.999136
0.952984
0.804491
0.708366
0.999994
-0.927879
-0.893783
0.960661
-0.999433
0.942246
0.792223
-0.127798
0.999992
-0.957159
-0.915432
0.585691
-0.999811
0.905158
0.761236
-0.935177
0.999968
-0.976916
-0.929489
-0.691447
-0.999928
0.816547
0.698033
-0.994054
0.999535
-0.977398
-0.908809
-0.835914
-0.999953
0.797896
0.694821
-0.995384
0.999169
-0.975468
-0.89942
-0.726038
-0.999943
0.820758
0.707264
-0.988319
0.999718
-0.975612
-0.910073
-0.127611
-0.99988
0.863684
0.725705
-0.899316
0.999964
-0.97237
-0.922112
0.849313
-0.99962
0.920075
0.764333
0.3115
0.999997
-0.956603
-0.923381
0.990561
-0.998401
0.951176
0.787292
0.936038
0.999999
-0.932531
-0.917702
0.99754
-0.994171
0.954289
0.767256
0.929708
1
-0.945838
-0.931682
0.996678
-0.995421
0.953014
0.769204
0.819583
1
-0.957475
-0.938179
0.97535
-0.997799
0.927935
0.735519
-0.633258
0.999999
-0.982624
-0.956404
0.347029
-0.999462
0.849424
0.669501
-0.991978
0.99998
-0.989648
-0.955875
-0.838456
-0.999796
0.708005
0.581908
-0.998802
0.998229
-0.980226
-0.903579
-0.78366
-0.999898
0.775423
0.652691
-0.998594
0.999533
-0.985677
-0.928497
-0.894159
-0.99988
0.709616
0.600323
-0.99622
0.998059
-0.970732
-0.881824
0.410932
-0.999822
0.892728
0.744215
-0.91854
0.99999
-0.981915
-0.945545
0.612505
-0.999489
0.879812
0.702751
-0.578382
0.999995
-0.973631
-0.938736
0.984445
-0.998737
0.94659
0.780444
0.927836
0.999999
-0.936466
-0.921829
0.998343
-0.993704
0.958884
0.774684
0.974911
1
-0.929288
-0.92425
0.99884
-0.991346
0.959873
0.770343
0.958404
1
-0.938211
-0.928902
0.996055
-0.995716
0.951465
0.764286
0.626658
0.999999
-0.9618
-0.938922
0.924666
-0.999147
0.920965
0.743561
-0.874899
0.999995
-0.982461
-0.950095
-0.573225
-0.999859
0.807097
0.665169
-0.997716
0.999645
-0.984476
-0.928309
-0.957151
-0.999963
0.716946
0.63912
-0.998974
0.986619
-0.966709
-0.849446
-0.870807
-0.999987
0.844828
0.757523
-0.998764
0.999066
-0.983241
-0.91813
-0.988403
-0.999984
0.668004
0.635167
-0.995329
0.905964
-0.907483
-0.704001
0.91285
-0.999993
0.977719
0.915448
-0.685349
0.99996
-0.957386
-0.904363
-0.69013
-0.999937
0.824179
0.700354
-0.970229
0.999574
-0.962831
-0.8869
0.784985
-0.999927
0.942779
0.824465
0.340038
0.999984
-0.930138
-0.887549
0.960338
-0.99959
0.947441
0.801695
0.679931
0.999993
-0.925565
-0.893172
0.982383
-0.999361
0.95412
0.806365
0.73443
0.999994
-0.924236
-0.894183
0.95789
-0.999452
0.941979
0.786157
-0.231264
0.99999
-0.956979
-0.915932
0.591072
-0.999874
0.916134
0.777186
-0.905034
0.999954
-0.970846
-0.920124
-0.62661
-0.99996
0.853611
0.736493
-0.991088
0.999539
-0.974144
-0.905272
-0.86048
-0.999981
0.832572
0.737119
-0.99347
0.998716
-0.968842
-0.884831
-0.762714
-0.999984
0.865086
0.767306
-0.982812
0.999462
-0.966723
-0.890776
-0.37593
-0.999975
0.895191
0.786251
-0.862892
0.999847
-0.953892
-0.886246
0.743876
-0.999935
0.941158
0.82402
0.37076
0.999974
-0.918196
-0.871962
0.970422
-0.999676
0.955171
0.820555
0.799078
0.999989
-0.900991
-0.870625
0.982818
-0.999316
0.953601
0.804216
0.630939
0.99999
-0.92208
-0.886474
0.950963
-0.999702
0.948462
0.809678
-0.0769262
0.999979
-0.942676
-0.895537
0.504629
-0.999916
0.918871
0.789439
-0.936349
0.999903
-0.96848
-0.910054
-0.790925
-0.999981
0.853943
0.755734
-0.993533
0.998759
-0.969257
-0.885523
-0.918377
-0.999992
0.841722
0.764889
-0.995851
0.997092
-0.966153
-0.869293
-0.899081
-0.999994
0.860237
0.783954
-0.9916
0.998235
-0.963167
-0.870044
-0.696304
-0.99999
0.892101
0.80301
-0.942023
0.99954
-0.953017
-0.871166
0.408227
-0.999974
0.936031
0.832921
-0.0893847
0.999931
-0.921205
-0.860951
0.949843
-0.999854
0.957278
0.838918
0.824862
0.999981
-0.879738
-0.847583
0.986393
-0.999168
0.9544
0.804038
0.734641
0.999989
-0.910009
-0.875313
0.981978
-0.9996
0.959269
0.827286
0.683947
0.999985
-0.907229
-0.868782
0.881552
-0.99974
0.933633
0.790012
-0.820977
0.999954
-0.963909
-0.909434
-0.420225
-0.999973
0.888877
0.7817
-0.981441
0.999586
-0.968429
-0.89453
-0.897711
-0.999989
0.840735
0.761093
-0.995215
0.997327
-0.965536
-0.8673
-0.901178
-0.999994
0.858282
0.78519
-0.993993
0.997996
-0.965828
-0.871301
-0.849549
-0.999992
0.868875
0.789672
-0.977202
0.998984
-0.956808
-0.864338
-0.0489322
-0.999982
0.922136
0.82546
-0.655381
0.999879
-0.940561
-0.870401
0.855275
-0.999925
0.949473
0.838785
0.677393
0.999975
-0.895597
-0.851769
0.984267
-0.999437
0.956946
0.819633
0.850289
0.999991
-0.895179
-0.864428
0.988989
-0.999147
0.956828
0.812614
0.776735
0.999991
-0.910927
-0.876245
0.964493
-0.99954
0.947171
0.805543
-0.0730846
0.999983
-0.946142
-0.897386
0.54543
-0.999905
0.918107
0.792884
-0.922705
0.99992
-0.96847
-0.9085
-0.78374
-0.999976
0.843224
0.749173
-0.993495
0.998809
-0.969848
-0.882729
-0.911247
-0.999989
0.830512
0.75813
-0.995661
0.99742
-0.967132
-0.867572
-0.88392
-0.99999
0.848671
0.77465
-0.990728
0.998629
-0.964951
-0.871112
-0.61897
-0.999983
0.883298
0.792483
-0.92788
0.99972
-0.956525
-0.87679
0.571426
-0.999947
0.931635
0.823201
0.123003
0.999968
-0.928017
-0.871272
0.971106
-0.999691
0.955447
0.831005
0.896075
0.999993
-0.890314
-0.861093
0.993106
-0.998251
0.954273
0.798846
0.874493
0.999996
-0.914044
-0.884996
0.992439
-0.998895
0.958513
0.816867
0.854891
0.999995
-0.913021
-0.881355
0.95861
-0.999244
0.935929
0.782515
-0.512792
0.999988
-0.96411
-0.91672
0.228006
-0.999906
0.8963
0.774383
-0.952639
0.999905
-0.972092
-0.909841
-0.80788
-0.999967
0.823244
0.734301
-0.993087
0.998691
-0.968682
-0.875622
-0.840112
-0.999983
0.842076
0.76437
-0.992642
0.998867
-0.969335
-0.87832
-0.807211
-0.999982
0.848552
0.768454
-0.97487
0.999272
-0.959934
-0.86641
0.117739
-0.999965
0.914721
0.815557
-0.636083
0.999931
-0.94876
-0.87973
0.862218
-0.999879
0.942403
0.82942
0.673024
0.999985
-0.910094
-0.861487
0.987574
-0.999315
0.957196
0.826546
0.911505
0.999994
-0.892497
-0.861444
0.992527
-0.99845
0.954275
0.807037
0.83108
0.999995
-0.915833
-0.878898
0.981818
-0.999337
0.952058
0.818392
0.500248
0.99999
-0.931927
-0.883442
0.811586
-0.999792
0.925521
0.798757
-0.841659
0.999954
-0.966185
-0.904861
-0.628338
-0.999967
0.85711
0.766692
-0.987608
0.999238
-0.967804
-0.87702
-0.88277
-0.999988
0.839268
0.775627
-0.993468
0.997573
-0.963757
-0.85351
-0.848818
-0.999992
0.86552
0.802662
-0.987133
0.998664
-0.961955
-0.858
-0.613434
-0.999988
0.893292
0.818994
-0.902667
0.999594
-0.947628
-0.851278
0.648542
-0.999967
0.943698
0.855397
0.303777
0.999946
-0.907805
-0.837073
0.9731
-0.999785
0.960046
0.854113
0.890357
0.999982
-0.865867
-0.822342
0.991957
-0.998898
0.957121
0.823749
0.853054
0.999988
-0.890484
-0.845438
0.989843
-0.999437
0.961644
0.844055
0.818892
0.999982
-0.886359
-0.835829
0.946867
-0.999655
0.943239
0.820122
-0.508287
0.999948
-0.947171
-0.875873
0.138672
-0.999972
0.919351
0.831897
-0.931527
0.999674
-0.956289
-0.8645
-0.787721
-0.999992
0.879535
0.817964
-0.988494
0.997886
-0.95856
-0.841309
-0.859055
-0.999996
0.889202
0.839332
-0.987848
0.997532
-0.956018
-0.833686
-0.743911
-0.999997
0.91007
0.856365
-0.950077
0.998789
-0.943408
-0.823642
0.211637
-0.999993
0.947158
0.882641
-0.35853
0.999731
-0.907398
-0.804524
0.928883
-0.999964
0.966495
0.890933
0.775909
0.999913
-0.839322
-0.767725
0.988011
-0.99962
0.963541
0.857008
0.782391
0.999949
-0.858987
-0.792362
0.988628
-0.999738
0.96765
0.870503
0.785452
0.999937
-0.850393
-0.781208
0.962196
-0.999792
0.955427
0.851921
-0.349503
0.99986
-0.922115
-0.829262
0.509457
-0.999986
0.948065
0.877139
-0.865244
0.999462
-0.937693
-0.825751
-0.620111
-0.999996
0.920138
0.866639
-0.985481
0.997568
-0.953946
-0.825985
-0.889812
-0.999999
0.908155
0.87145
-0.989835
0.994831
-0.949343
-0.80359
-0.758214
-0.999999
0.933255
0.893441
-0.96896
0.997593
-0.941658
-0.803738
-0.155232
-0.999998
0.952509
0.904637
-0.664524
0.999166
-0.903857
-0.772632
0.910684
-0.99999
0.974498
0.918697
0.688465
0.999765
-0.815428
-0.720227
0.990104
-0.999792
0.97079
0.882588
0.782017
0.999882
-0.825812
-0.74375
0.992349
-0.999769
0.972268
0.884822
0.793948
0.999883
-0.822845
-0.740888
0.980798
-0.999803
0.964375
0.871855
-0.0475171
0.999797
-0.896067
-0.79022
0.800996
-0.999985
0.962103
0.89755
-0.761503
0.999408
-0.922801
-0.799147
-0.330408
-0.999997
0.938718
0.888156
-0.982591
0.997706
-0.952346
-0.819094
-0.909206
-0.999999
0.911062
0.881597
-0.993083
0.99238
-0.950402
-0.792718
-0.847573
-0.999999
0.932729
0.90196
-0.986751
0.996007
-0.949131
-0.802
-0.626543
-0.999999
0.942995
0.905032
-0.885895
0.998353
-0.920747
-0.773418
0.799781
-0.999996
0.973351
0.925944
0.423409
0.999687
-0.843247
-0.727984
0.987967
-0.999917
0.975738
0.905131
0.864596
0.999883
-0.79912
-0.717724
0.994791
-0.999445
0.968432
0.869853
0.79514
0.999925
-0.843287
-0.759816
0.991904
-0.999789
0.972251
0.889463
0.759688
0.999905
-0.841976
-0.752794
0.961392
-0.999854
0.958667
0.870162
-0.537535
0.999798
-0.926805
-0.818289
0.24905
-0.999991
0.94411
0.885583
-0.929242
0.999249
-0.945566
-0.821548
-0.759211
-0.999997
0.91178
0.871662
-0.987998
0.99708
-0.955077
-0.814582
-0.864901
-0.999999
0.909343
0.878027
-0.985974
0.996708
-0.951245
-0.804332
-0.614279
-0.999998
0.932334
0.892447
-0.922119
0.998925
-0.938153
-0.80185
0.491775
-0.999994
0.957721
0.905479
-0.0110378
0.999772
-0.891585
-0.77386
0.972804
-0.999948
0.972216
0.905739
0.873152
0.999936
-0.825461
-0.744736
0.994368
-0.999308
0.965356
0.864341
0.866878
0.999968
-0.857037
-0.782982
0.994606
-0.999537
0.969422
0.877811
0.900929
0.999969
-0.843959
-0.77312
0.984859
-0.999444
0.955315
0.850078
0.11271
0.999949
-0.922009
-0.831404
0.808504
-0.999956
0.949148
0.875309
-0.632619
0.999843
-0.937919
-0.832119
-0.254794
-0.999986
0.912911
0.854426
-0.969566
0.999234
-0.958565
-0.839586
-0.836505
-0.999995
0.882964
0.847555
-0.982986
0.997494
-0.952212
-0.807023
-0.583139
-0.999996
0.919978
0.877018
-0.956118
0.999222
-0.953255
-0.828941
-0.209095
-0.999992
0.927172
0.874828
-0.603673
0.999683
-0.922765
-0.79867
0.933219
-0.999966
0.96678
0.903041
0.813645
0.99995
-0.856186
-0.769471
0.993489
-0.999496
0.966624
0.873313
0.934647
0.99998
-0.841918
-0.77725
0.996985
-0.998703
0.965966
0.859928
0.945164
0.999985
-0.845934
-0.78599
0.995776
-0.998803
0.96295
0.855237
0.853522
0.99998
-0.877752
-0.803999
0.981464
-0.999685
0.959101
0.866628
0.289799
0.99995
-0.913758
-0.820426
0.731124
-0.99995
0.940504
0.865615
-0.864144
0.999773
-0.951952
-0.844479
-0.733878
-0.999993
0.888905
0.84746
-0.986768
0.997597
-0.956517
-0.814236
-0.864598
-0.999998
0.896319
0.867955
-0.991808
0.996714
-0.959259
-0.814528
-0.860083
-0.999998
0.902409
0.87444
-0.973725
0.997549
-0.945669
-0.792521
0.0903787
-0.999996
0.951103
0.906413
-0.615116
0.999632
-0.920676
-0.791242
0.904902
-0.999983
0.968894
0.91306
0.772386
0.999897
-0.837273
-0.735682
0.995295
-0.999686
0.973562
0.893218
0.942953
0.999957
-0.799903
-0.729156
0.997662
-0.998583
0.96777
0.863329
0.919307
0.999966
-0.830934
-0.756687
0.996975
-0.999412
0.972631
0.884467
0.909057
0.999949
-0.818127
-0.737648
0.98831
-0.99957
0.961457
0.866986
-0.0307302
0.999872
-0.909092
-0.797705
0.792248
-0.999985
0.96077
0.903363
-0.781466
0.999474
-0.928794
-0.795175
-0.427351
-0.999997
0.935625
0.894772
-0.987493
0.99725
-0.95567
-0.809956
-0.930133
-0.999999
0.909741
0.891999
-0.994851
0.989292
-0.951155
-0.77386
-0.837547
-1
0.942248
0.919621
-0.989762
0.995145
-0.951274
-0.790396
-0.645943
-0.999999
0.949996
0.921441
-0.889843
0.997566
-0.91414
-0.74224
0.904018
-0.999998
0.982455
0.947179
0.573867
0.999493
-0.802822
-0.666512
0.996569
-0.999911
0.983246
0.924957
0.920091
0.999776
-0.726291
-0.635203
0.998527
-0.998763
0.973239
0.876361
0.831859
0.999847
-0.801033
-0.698699
0.99824
-0.999819
0.983479
0.91987
0.928752
0.999757
-0.71119
-0.623189
0.993765
-0.998971
0.959839
0.851145
-0.678557
0.999518
-0.920101
-0.786262
0.817149
-0.999998
0.97829
0.940937
-0.602594
0.998259
-0.877761
-0.705503
0.560543
-0.999998
0.972722
0.935792
-0.982888
0.995413
-0.943494
-0.777584
-0.907521
-1
0.943488
0.925597
-0.997859
0.978649
-0.954994
-0.769907
-0.964407
-1
0.943327
0.933719
-0.998243
0.971866
-0.954306
-0.762447
-0.928755
-1
0.955676
0.942241
-0.992626
0.984996
-0.939798
-0.744988
-0.19159
-1
0.97675
0.953986
-0.838747
0.996
-0.888467
-0.697766
0.966539
-0.999999
0.989558
0.961581
0.697471
0.998893
-0.729273
-0.588417
0.998777
-0.999795
0.984807
0.921421
0.893777
0.999582
-0.705888
-0.605086
0.999115
-0.999101
0.979244
0.893294
0.873473
0.999718
-0.746227
-0.645147
0.998542
-0.999634
0.981088
0.906805
0.808835
0.999623
-0.75956
-0.64605
0.993294
-0.999843
0.975744
0.902786
-0.317364
0.999214
-0.876087
-0.726471
0.840034
-0.999997
0.976662
0.935125
-0.913156
0.997526
-0.919827
-0.754025
-0.591366
-1
0.955665
0.926366
-0.996612
0.990699
-0.958638
-0.797646
-0.984425
-1
0.910931
0.908435
-0.998899
0.953199
-0.954347
-0.753388
-0.966965
-1
0.944564
0.935341
-0.998553
0.983474
-0.96286
-0.797585
-0.975024
-1
0.919395
0.911599
-0.989305
0.985088
-0.932286
-0.733489
0.389412
-1
0.977749
0.948356
-0.647225
0.998991
-0.898519
-0.747595
0.933652
-0.999993
0.979053
0.933847
0.764913
0.999752
-0.797027
-0.688541
0.99654
-0.999662
0.9757
0.894091
0.919062
0.99993
-0.794838
-0.720441
0.997679
-0.998917
0.970373
0.868764
0.921602
0.999962
-0.823288
-0.755173
0.996103
-0.99919
0.967797
0.866922
0.832186
0.999963
-0.861142
-0.783511
0.978852
-0.999732
0.959474
0.865883
0.0176696
0.999932
-0.920405
-0.826745
0.581
-0.999964
0.936239
0.861432
-0.904404
0.999753
-0.955925
-0.854042
-0.821237
-0.999991
0.867388
0.824839
-0.989596
0.997425
-0.958597
-0.822905
-0.871639
-0.999996
0.875701
0.840596
-0.992368
0.997857
-0.964324
-0.838523
-0.888417
-0.999994
0.85864
0.824126
-0.971741
0.998192
-0.948411
-0.810036
0.276014
-0.999983
0.934118
0.868069
-0.591769
0.999918
-0.945631
-0.855381
0.812214
-0.999902
0.93763
0.847815
0.668333
0.999981
-0.908279
-0.837128
0.992052
-0.999189
0.959755
0.849457
0.961864
0.999996
-0.879917
-0.840835
0.997284
-0.995417
0.95368
0.809232
0.952889
0.999998
-0.9096
-0.873297
0.997568
-0.996772
0.959432
0.826686
0.967455
0.999999
-0.900271
-0.867909
0.992837
-0.99624
0.9406
0.787822
0.516873
0.999997
-0.954472
-0.907474
0.915481
-0.999436
0.922977
0.798024
-0.453998
0.99999
-0.96562
-0.908002
-0.0166807
-0.99981
0.8497
0.745532
-0.9705
0.999864
-0.974396
-0.897568
-0.763009
-0.99993
0.79271
0.726161
-0.986045
0.998849
-0.963428
-0.849585
-0.413922
-0.999951
0.864518
0.785273
-0.975097
0.99982
-0.973742
-0.894134
-0.572191
-0.999924
0.827898
0.747115
-0.866525
0.999739
-0.949561
-0.848286
0.922468
-0.999806
0.944294
0.841763
0.642067
0.999993
-0.932437
-0.877707
0.983652
-0.999003
0.946891
0.818665
0.919017
0.999997
-0.912021
-0.872342
0.996458
-0.997321
0.956959
0.819518
0.964677
0.999998
-0.900074
-0.870833
0.996322
-0.99626
0.952276
0.803347
0.895175
0.999998
-0.924667
-0.886259
0.986974
-0.99882
0.94837
0.816082
0.579374
0.999994
-0.939142
-0.887837
0.829949
-0.999694
0.918653
0.796882
-0.824771
0.999965
-0.968073
-0.903476
-0.621793
-0.999954
0.843592
0.763833
-0.984947
0.999131
-0.965018
-0.861944
-0.819242
-0.999986
0.852856
0.794193
-0.991281
0.998373
-0.964949
-0.853873
-0.850616
-0.999991
0.861631
0.80825
-0.980305
0.998372
-0.954526
-0.834632
-0.226449
-0.999989
0.921747
0.852622
-0.805601
0.99974
-0.94206
-0.844531
0.702604
-0.999972
0.94863
0.868234
0.46111
0.999924
-0.887444
-0.808271
0.981771
-0.999811
0.965721
0.869844
0.898242
0.999967
-0.839443
-0.78919
0.991482
-0.999128
0.958894
0.834063
0.770903
0.999969
-0.878571
-0.818986
0.986102
-0.999776
0.967138
0.869217
0.748164
0.999938
-0.858146
-0.791702
0.914395
-0.999848
0.947056
0.839498
-0.787471
0.999771
-0.941905
-0.849757
-0.305607
-0.999994
0.931421
0.86682
-0.966024
0.998455
-0.946225
-0.827186
-0.856488
-0.999999
0.913649
0.868024
-0.993411
0.993938
-0.95325
-0.817014
-0.928681
-0.999999
0.916378
0.881381
-0.993279
0.991079
-0.947577
-0.800242
-0.822566
-1
0.940611
0.901591
-0.973041
0.995548
-0.932909
-0.790072
-0.0797538
-0.999999
0.963286
0.916738
-0.647508
0.998434
-0.882083
-0.750438
0.917623
-0.999994
0.978466
0.923164
0.622783
0.999413
-0.778011
-0.689409
0.986121
-0.999822
0.969473
0.87194
0.453937
0.999648
-0.830421
-0.74141
0.985985
-0.999946
0.978079
0.903241
0.707343
0.999543
-0.772277
-0.694551
0.953993
-0.999841
0.956645
0.84801
-0.84556
0.999099
-0.92352
-0.811106
0.238876
-0.999998
0.966264
0.914736
-0.89214
0.997029
-0.905972
-0.76733
-0.477046
-0.999999
0.954038
0.905767
-0.990918
0.992673
-0.944966
-0.805499
-0.937949
-1
0.933747
0.900972
-0.995824
0.981581
-0.944293
-0.787249
-0.918176
-1
0.945856
0.914346
-0.992647
0.9874
-0.940074
-0.788049
-0.784694
-1
0.954651
0.916999
-0.957311
0.9942
-0.91584
-0.768361
0.351486
-0.999999
0.97307
0.926665
-0.394021
0.998437
-0.852841
-0.731209
0.940119
-0.999987
0.97673
0.911201
0.530977
0.999455
-0.797237
-0.714236
0.977121
-0.999866
0.967185
0.866473
0.268346
0.999704
-0.856183
-0.772758
0.962427
-0.999957
0.971956
0.889371
0.354832
0.999684
-0.845067
-0.763334
0.840202
-0.99995
0.952891
0.854154
-0.869411
0.999462
-0.936718
-0.840987
-0.431031
-0.999996
0.93493
0.867355
-0.969622
0.998349
-0.946255
-0.83706
-0.854535
-0.999998
0.908659
0.851111
-0.99105
0.996461
-0.95492
-0.83952
-0.898024
-0.999998
0.901466
0.847272
-0.986985
0.996916
-0.95113
-0.835484
-0.687609
-0.999997
0.920178
0.853854
-0.932692
0.999159
-0.94233
-0.842681
0.245502
-0.999988
0.942082
0.85839
-0.275509
0.999849
-0.914146
-0.837554
0.922256
-0.999917
0.957456
0.852882
0.722617
0.999969
-0.883344
-0.837184
0.980223
-0.999442
0.953651
0.815608
0.682537
0.999988
-0.913691
-0.872769
0.976288
-0.999553
0.953842
0.819672
0.56048
0.99999
-0.926917
-0.885122
0.88349
-0.999672
0.929243
0.784181
-0.75015
0.999981
-0.968429
-0.920585
-0.175091
-0.999911
0.869949
0.742601
-0.979321
0.999882
-0.977098
-0.919099
-0.796133
-0.999944
0.802398
0.69653
-0.993686
0.999294
-0.974165
-0.897293
-0.696734
-0.999941
0.824856
0.712481
-0.990057
0.999741
-0.977429
-0.913305
-0.435041
-0.999884
0.834355
0.70232
-0.95741
0.999924
-0.974432
-0.918409
0.715236
-0.999652
0.902616
0.745468
-0.310623
0.999996
-0.968583
-0.932308
0.977793
-0.998623
0.938464
0.767986
0.841287
0.999999
-0.951167
-0.930173
0.997403
-0.99459
0.954332
0.771247
0.956104
1
-0.945516
-0.934275
0.998207
-0.99023
0.952128
0.752674
0.889015
1
-0.96308
-0.948151
0.993951
-0.994407
0.939925
0.738225
0.204373
1
-0.979538
-0.95926
0.898291
-0.997846
0.887648
0.67757
-0.967783
0.999998
-0.992053
-0.970013
-0.42495
-0.999218
0.733964
0.557166
-0.999067
0.999845
-0.990819
-0.948444
-0.838378
-0.999603
0.657429
0.526392
-0.999324
0.997958
-0.982892
-0.908302
-0.597118
-0.999701
0.760937
0.610307
-0.998563
0.99987
-0.989952
-0.94715
-0.648581
-0.999466
0.710983
0.551717
-0.994706
0.999783
-0.982387
-0.925926
0.835337
-0.9989
0.890421
0.697488
-0.662515
0.999999
-0.984278
-0.959538
0.983829
-0.996491
0.928281
0.724647
0.801035
1
-0.96827
-0.951754
0.999315
-0.989218
0.963803
0.778494
0.995014
1
-0.923592
-0.932255
0.999737
-0.950432
0.95894
0.728738
0.984751
1
-0.957598
-0.955199
0.999701
-0.984502
0.969209
0.787039
0.993605
1
-0.921173
-0.928763
0.997443
-0.981143
0.936122
0.694349
-0.213331
1
-0.985201
-0.96709
0.929853
-0.999003
0.919328
0.737984
-0.79152
0.999997
-0.982254
-0.952625
-0.240145
-0.999755
0.824708
0.664885
-0.996606
0.999876
-0.986886
-0.940804
-0.929372
-0.999944
0.729615
0.635237
-0.998483
0.993407
-0.969092
-0.864564
-0.803143
-0.999983
0.853856
0.757571
-0.997477
0.999317
-0.98072
-0.914922
-0.966053
-0.999985
0.758201
0.690862
-0.992354
0.989481
-0.941294
-0.806609
0.566073
-0.999986
0.952491
0.863212
-0.765023
0.999916
-0.952897
-0.891935
0.0874849
-0.999965
0.914442
0.799687
-0.541868
0.999875
-0.932438
-0.86519
0.929535
-0.999936
0.962212
0.85818
0.826755
0.99996
-0.851869
-0.820181
0.975892
-0.999367
0.949517
0.796081
0.290109
0.999964
-0.915399
-0.866423
0.967552
-0.999921
0.96888
0.868223
0.766717
0.999919
-0.838472
-0.799556
0.821773
-0.99977
0.926859
0.77754
-0.964915
0.999669
-0.963387
-0.891691
-0.659144
-0.999997
0.926156
0.852986
-0.971016
0.997489
-0.939633
-0.830858
-0.860762
-0.999999
0.920496
0.859705
-0.994919
0.992719
-0.953228
-0.834951
-0.959677
-1
0.912127
0.867515
-0.995686
0.983478
-0.944226
-0.805523
-0.90467
-1
0.940253
0.895778
-0.988654
0.990619
-0.935411
-0.802119
-0.700285
-1
0.954365
0.904742
-0.923497
0.995084
-0.901332
-0.770958
0.536157
-0.999999
0.974282
0.919095
-0.16544
0.998183
-0.819451
-0.718609
0.938279
-0.999978
0.973263
0.89192
0.243052
0.999014
-0.803466
-0.721918
0.963027
-0.999953
0.971926
0.880559
0.150591
0.999082
-0.817615
-0.733585
0.928356
-0.999973
0.970124
0.883411
-0.46839
0.998538
-0.860712
-0.756625
0.634392
-0.999995
0.967475
0.897698
-0.899314
0.996578
-0.9024
-0.778749
-0.477085
-0.999999
0.956518
0.901498
-0.988762
0.990645
-0.935755
-0.801498
-0.929367
-1
0.940183
0.899805
-0.996804
0.977898
-0.945066
-0.800061
-0.966848
-1
0.935917
0.903198
-0.997041
0.974424
-0.944181
-0.795258
-0.947509
-1
0.942149
0.907049
-0.992274
0.985638
-0.935808
-0.792053
-0.752011
-1
0.954897
0.909647
-0.939762
0.995562
-0.911386
-0.781493
0.395843
-0.999998
0.969502
0.911666
-0.221112
0.999002
-0.851366
-0.753811
0.933102
-0.999971
0.970124
0.884814
0.50674
0.999714
-0.829463
-0.764073
0.968831
-0.999851
0.963106
0.850277
0.35922
0.999861
-0.873428
-0.809552
0.945563
-0.999921
0.96293
0.859452
0.134043
0.999868
-0.892215
-0.824665
0.712108
-0.999951
0.942763
0.834099
-0.869429
0.999774
-0.949759
-0.873803
-0.579187
-0.99999
0.903566
0.816602
-0.980882
0.999175
-0.961479
-0.874106
-0.880075
-0.999993
0.866134
0.792669
-0.991499
0.998104
-0.962527
-0.864721
-0.834486
-0.999992
0.872024
0.793946
-0.983983
0.999122
-0.963035
-0.874855
-0.525352
-0.99998
0.888368
0.791604
-0.902826
0.999814
-0.957026
-0.883577
0.638318
-0.999917
0.927798
0.808567
0.0838428
0.999982
-0.940067
-0.890378
0.96958
-0.999483
0.947914
0.806832
0.83935
0.999997
-0.925286
-0.896534
0.992771
-0.997774
0.950477
0.784714
0.860811
0.999999
-0.940909
-0.916946
0.991682
-0.997456
0.946235
0.774266
0.648384
0.999999
-0.959771
-0.932959
0.954423
-0.998385
0.918832
0.737692
-0.687923
0.999998
-0.982489
-0.952894
0.321088
-0.999298
0.833963
0.659501
-0.989193
0.999982
-0.989177
-0.953221
-0.667669
-0.999545
0.713974
0.57612
-0.997505
0.999542
-0.98313
-0.917957
-0.445089
-0.999582
0.766657
0.619568
-0.996334
0.999911
-0.987989
-0.941321
-0.365815
-0.999221
0.741606
0.580732
-0.989502
0.999933
-0.984454
-0.934612
0.814133
-0.998097
0.866103
0.669213
-0.765767
0.999999
-0.986816
-0.960939
0.983345
-0.993621
0.91343
0.700912
0.663818
1
-0.978065
-0.959746
0.999328
-0.979569
0.956211
0.759166
0.993353
1
-0.949409
-0.947629
0.999872
-0.922853
0.962123
0.74599
0.99747
1
-0.95241
-0.956493
0.999903
-0.918226
0.964665
0.753489
0.99781
1
-0.94867
-0.954153
0.999762
-0.937978
0.956669
0.736572
0.978831
1
-0.96771
-0.960044
0.998215
-0.984764
0.94497
0.741926
0.661472
1
-0.977382
-0.958057
0.937773
-0.996933
0.892376
0.694764
-0.94762
0.999998
-0.990511
-0.963961
-0.621286
-0.999532
0.722044
0.593644
-0.998023
0.999125
-0.981389
-0.904672
-0.853766
-0.999906
0.745852
0.661147
-0.998324
0.997702
-0.976863
-0.882851
-0.910961
-0.999961
0.762434
0.697195
-0.996329
0.996661
-0.967061
-0.854949
-0.590582
-0.99997
0.866298
0.779377
-0.974149
0.999744
-0.97001
-0.892256
-0.134082
-0.999951
0.889901
0.790371
-0.530723
0.999903
-0.93819
-0.858825
0.970255
-0.999854
0.962935
0.864607
0.959453
0.999988
-0.833373
-0.807986
0.996996
-0.996013
0.955141
0.796154
0.946923
0.999993
-0.869955
-0.840666
0.999205
-0.998656
0.978259
0.871448
0.997882
0.999988
-0.62243
-0.704353
0.989674
-0.455871
0.738478
0.312347
-0.998808
1
-0.99843
-0.99053
0.931697
-0.999984
0.973802
0.909504
0.99464
0.999831
-0.463835
-0.548427
0.931472
0.185802
0.417796
-0.0103994
-0.999947
0.999998
-0.998901
-0.99225
-0.790784
-0.999999
0.932481
0.889683
0.244537
0.988727
-0.652522
-0.492941
0.996872
-0.999914
0.984424
0.917857
-0.855734
0.988469
-0.853287
-0.660707
0.849926
-1
0.991401
0.969208
-0.958328
0.916013
-0.83073
-0.569693
0.684876
-1
0.994954
0.983102
-0.998495
0.60541
-0.90231
-0.610723
-0.97385
-1
0.995666
0.993614
-0.999951
-0.13823
-0.946744
-0.656154
-0.999999
-1
0.995716
0.998545
-0.999996
-0.643132
-0.966165
-0.686215
-1
-1
0.99474
0.999386
-0.999999
-0.827864
-0.975867
-0.708985
-1
-1
0.992299
0.999485
-1
-0.889099
-0.980393
-0.722737
-1
-1
0.989348
0.99946
-1
-0.896924
-0.982567
-0.734273
-1
-1
0.985636
0.999359
-1
-0.861152
-0.983098
-0.744219
-1
-1
0.981339
0.99916
-1
-0.732297
-0.981985
-0.752175
-1
-1
0.976478
0.998675
-0.999998
-0.341953
-0.978218
-0.755049
-1
-1
0.969887
0.996596
-0.999974
0.403725
-0.968234
-0.745464
-0.999981
-1
0.963251
0.983935
-0.999239
0.906663
-0.949732
-0.739257
-0.935029
-1
0.966082
0.952765
-0.965016
0.995946
-0.930444
-0.771158
0.646447
-0.999997
0.970911
0.925219
0.626719
0.999886
-0.857189
-0.764434
0.99519
-0.999282
0.966979
0.862601
0.981324
0.999997
-0.852679
-0.82643
0.999407
-0.974155
0.953657
0.773644
0.992007
1
-0.922998
-0.911112
0.999926
-0.941263
0.969613
0.801475
0.999839
1
-0.876293
-0.913216
0.999963
0.0134628
0.935213
0.616377
0.999984
1
-0.994749
-0.997344
0.999994
-0.67122
0.976293
0.792585
0.999998
1
-0.910563
-0.965649
0.999989
0.767711
0.922748
0.517803
1
1
-0.999382
-0.999813
0.999998
0.0344864
0.975048
0.753833
1
1
-0.97656
-0.995583
0.999997
0.536581
0.95871
0.658839
1
1
-0.99642
-0.999333
0.999997
0.288151
0.966445
0.70623
1
1
-0.992521
-0.998452
0.999994
0.211474
0.957876
0.679855
1
1
-0.995121
-0.998527
0.99998
-0.138693
0.950447
0.676883
0.999981
1
-0.994544
-0.996913
0.999886
-0.546
0.93406
0.661998
0.995064
1
-0.994499
-0.992919
0.998768
-0.854676
0.904003
0.642956
0.316817
1
-0.994748
-0.985512
0.974821
-0.970691
0.845813
0.615512
-0.917357
1
-0.99411
-0.973712
0.585853
-0.995046
0.765203
0.597434
-0.977275
0.999979
-0.986334
-0.935193
0.168315
-0.999095
0.796272
0.674677
-0.959065
0.999926
-0.976267
-0.902441
0.199981
-0.999753
0.85727
0.756715
-0.860521
0.999927
-0.964495
-0.880864
0.559385
-0.999895
0.912433
0.823618
-0.310596
0.99994
-0.938129
-0.846155
0.900867
-0.999927
0.953292
0.875628
0.570182
0.999935
-0.884693
-0.788799
0.97287
-0.999912
0.967668
0.894464
0.631487
0.999846
-0.846753
-0.7373
0.975458
-0.999951
0.973452
0.909715
0.104549
0.999348
-0.847094
-0.701726
0.943536
-0.999994
0.980408
0.936955
-0.72796
0.996058
-0.867259
-0.673715
0.76997
-1
0.985859
0.960154
-0.978879
0.974408
-0.903052
-0.668217
-0.14202
-1
0.988419
0.974733
-0.998727
0.855936
-0.93398
-0.674951
-0.937533
-1
0.989651
0.984927
-0.999808
0.490666
-0.94501
-0.659824
-0.99775
-1
0.994539
0.995049
-0.99987
0.077768
-0.937434
-0.610885
-0.999346
-1
0.998495
0.998855
-0.999672
-0.141127
-0.905986
-0.520332
-0.98714
-1
0.999747
0.999696
-0.99602
-0.181847
-0.797088
-0.341423
0.838599
-1
0.999968
0.999883
-0.849337
-0.0962467
-0.476234
-0.0648861
0.999498
-1
0.999937
0.999557
0.3603
-0.0478041
-0.00682247
0.19528
0.998467
-0.999998
0.995484
0.982188
0.71877
-0.13717
0.186404
0.300267
0.989977
-0.99992
0.974793
0.936972
-0.0284635
-0.520964
0.0124334
0.257882
0.983251
-1
0.998671
0.99627
-0.166159
-0.784052
0.102666
0.346151
0.347212
-1
0.99742
0.996247
-0.951872
-0.941466
-0.23765
0.247756
0.908453
-1
0.999976
0.99993
-0.998672
-0.984693
-0.558839
0.120286
0.955705
-1
0.999999
0.999997
-0.999985
-0.996584
-0.814162
-0.0660145
-0.493953
-1
1
0.999999
-1
-0.99925
-0.942561
-0.301839
-0.999993
-1
0.999995
0.999997
-1
-0.999783
-0.983076
-0.516123
0.999984
-1
1
0.999999
0.999996
0.91549
0.912872
0.666271
1
1
-0.872548
-0.980664
0.530366
-0.999999
0.97845
0.943037
0.999435
0.661227
0.743331
0.520491
0.999515
1
-0.850046
-0.940602
-0.953986
-1
0.940869
0.921384
0.59302
-0.773223
0.36119
0.433371
-0.730414
-0.999999
0.928759
0.941239
-0.856767
-0.981561
0.116619
0.433474
-0.10142
-1
0.998895
0.998415
-0.99818
-0.983598
-0.523144
0.104167
0.779027
-1
0.999998
0.999994
-0.999983
-0.99733
-0.789737
-0.0564754
-0.61236
-1
1
0.999999
-1
-0.99958
-0.93253
-0.270032
-0.999983
-1
0.999997
0.999998
0.917078
0.999992
-0.879078
-0.855495
-0.700552
-0.996987
0.544943
0.374463
-0.999962
0.969219
-0.985345
-0.886869
-0.224148
-0.999916
0.86749
0.744171
-0.985193
0.999974
-0.986504
-0.946874
-0.783471
-0.999622
0.688561
0.555048
-0.993763
0.999251
-0.973868
-0.895606
0.847361
-0.999282
0.904273
0.731806
-0.70969
0.999999
-0.984263
-0.957675
0.933343
-0.997253
0.894815
0.684092
-0.136703
1
-0.981882
-0.959742
0.996581
-0.992672
0.945722
0.746821
0.954635
1
-0.961108
-0.950617
0.999529
-0.975025
0.95907
0.751686
0.987293
1
-0.955873
-0.952761
0.999625
-0.963911
0.957733
0.739124
0.971574
1
-0.96744
-0.96058
0.998732
-0.98015
0.947591
0.726982
0.702484
1
-0.980927
-0.967004
0.978296
-0.993523
0.906653
0.677262
-0.912145
1
-0.993024
-0.976054
0.137497
-0.998285
0.767867
0.561313
-0.998997
0.999972
-0.994203
-0.96539
-0.861105
-0.999395
0.604719
0.48069
-0.999502
0.993416
-0.978505
-0.882929
-0.432365
-0.999781
0.805099
0.66024
-0.998934
0.99993
-0.992353
-0.956285
-0.944592
-0.999684
0.563431
0.480841
-0.996495
0.966069
-0.936977
-0.768178
0.987771
-0.999795
0.969881
0.864899
0.0319037
0.999998
-0.970233
-0.940537
0.486405
-0.998866
0.833903
0.635951
-0.95521
0.999992
-0.985986
-0.952062
0.909704
-0.99899
0.91168
0.732196
0.0835679
0.999999
-0.97089
-0.942391
0.986596
-0.998018
0.94199
0.766574
0.804481
0.999999
-0.955319
-0.933783
0.992929
-0.997013
0.946901
0.76734
0.746743
0.999999
-0.958449
-0.935874
0.979048
-0.998253
0.935545
0.756969
-0.103296
0.999998
-0.972519
-0.943031
0.751483
-0.999484
0.896921
0.727823
-0.935098
0.999989
-0.982934
-0.945817
-0.510633
-0.999856
0.814751
0.677757
-0.993494
0.99975
-0.980458
-0.920327
-0.777492
-0.999943
0.807184
0.696771
-0.993605
0.99931
-0.974163
-0.898553
-0.635487
-0.999961
0.852456
0.742794
-0.977896
0.999715
-0.969985
-0.899921
-0.0774358
-0.999952
0.896438
0.779743
-0.775104
0.999919
-0.954455
-0.891061
0.84243
-0.999903
0.944205
0.826237
0.587323
0.99998
-0.910074
-0.865931
0.978573
-0.999595
0.956681
0.823834
0.822171
0.999987
-0.892847
-0.859891
0.982123
-0.999447
0.955448
0.815923
0.60993
0.999981
-0.909786
-0.866801
0.931853
-0.999829
0.950582
0.826763
-0.261194
0.99994
-0.93209
-0.870814
0.279211
-0.99997
0.927453
0.822791
-0.946521
0.999618
-0.956668
-0.876663
-0.846547
-0.999995
0.887754
0.8154
-0.993166
0.996349
-0.957951
-0.848666
-0.938932
-0.999999
0.890611
0.837596
-0.995934
0.992248
-0.956001
-0.833661
-0.94032
-0.999999
0.905008
0.856903
-0.992654
0.992815
-0.948092
-0.820949
-0.791311
-0.999999
0.934792
0.880342
-0.953979
0.997196
-0.928523
-0.808454
0.173711
-0.999998
0.961427
0.899298
-0.349982
0.999128
-0.868608
-0.768115
0.928216
-0.999981
0.972571
0.895354
0.645667
0.999634
-0.795239
-0.732424
0.976631
-0.999784
0.96263
0.845404
0.25278
0.999733
-0.860282
-0.785344
0.969965
-0.999963
0.975293
0.894401
0.60391
0.999573
-0.795437
-0.728363
0.870269
-0.999894
0.946422
0.827906
-0.948516
0.998922
-0.943065
-0.843035
-0.512379
-0.999999
0.950627
0.894988
-0.967171
0.995409
-0.926596
-0.795685
-0.823148
-0.999999
0.940577
0.892467
-0.994971
0.989547
-0.94897
-0.814769
-0.959963
-1
0.925629
0.890661
-0.996043
0.98009
-0.943429
-0.79261
-0.909423
-1
0.944955
0.908134
-0.989406
0.990052
-0.936458
-0.794145
-0.682734
-1
0.955454
0.910592
-0.918039
0.99606
-0.906067
-0.771214
0.602968
-0.999998
0.9736
0.919645
-0.0165595
0.998973
-0.831731
-0.730196
0.955399
-0.999965
0.972075
0.889641
0.479488
0.999608
-0.820097
-0.743687
0.973395
-0.999897
0.968164
0.869523
0.379995
0.999737
-0.849244
-0.773258
0.943377
-0.999941
0.96519
0.871254
-0.176831
0.999677
-0.887704
-0.799998
0.646388
-0.999983
0.953755
0.869121
-0.870493
0.99935
-0.933449
-0.834779
-0.584525
-0.999996
0.925689
0.857627
-0.983274
0.997975
-0.952957
-0.844322
-0.902457
-0.999998
0.89904
0.845589
-0.991662
0.995704
-0.953557
-0.833108
-0.86701
-0.999998
0.907453
0.85221
-0.983282
0.997741
-0.951605
-0.839339
-0.609211
-0.999996
0.921287
0.853416
-0.885737
0.999369
-0.936923
-0.83736
0.586664
-0.999982
0.950043
0.865811
0.179858
0.999907
-0.900241
-0.829048
0.957993
-0.999841
0.95805
0.848189
0.770973
0.999977
-0.885328
-0.83874
0.983503
-0.999381
0.954624
0.820985
0.718327
0.999989
-0.912241
-0.868326
0.97205
-0.999534
0.95036
0.818716
0.373511
0.999988
-0.935648
-0.886877
0.814948
-0.999764
0.923693
0.791106
-0.804716
0.999973
-0.96855
-0.914294
-0.402489
-0.999923
0.853112
0.741605
-0.9824
0.999778
-0.974395
-0.90424
-0.779986
-0.99995
0.810009
0.718412
-0.990061
0.999311
-0.970749
-0.88494
-0.576067
-0.999939
0.841142
0.738831
-0.976835
0.999819
-0.973642
-0.904027
-0.0913613
-0.999862
0.859256
0.735915
-0.849136
0.99996
-0.968025
-0.908583
0.881009
-0.999534
0.920392
0.777007
0.458574
0.999997
-0.954058
-0.915463
0.990972
-0.997861
0.94674
0.789078
0.936716
0.999999
-0.936735
-0.914782
0.997809
-0.992808
0.952246
0.776597
0.955849
1
-0.94316
-0.925523
0.997676
-0.992105
0.950034
0.770519
0.899006
1
-0.956324
-0.934672
0.989702
-0.995609
0.932174
0.749432
0.0792126
0.999999
-0.977013
-0.948626
0.814767
-0.998612
0.875834
0.700084
-0.949119
0.999995
-0.987693
-0.953641
-0.507297
-0.999505
0.742468
0.612251
-0.995267
0.999664
-0.981285
-0.911581
-0.597977
-0.999757
0.767446
0.653507
-0.994966
0.99971
-0.981693
-0.913631
-0.609413
-0.999759
0.765513
0.653262
-0.984776
0.999743
-0.974785
-0.899382
0.495955
-0.99962
0.873459
0.733209
-0.78214
0.999991
-0.976088
-0.929757
0.896571
-0.999052
0.907056
0.750835
0.436968
0.999998
-0.959785
-0.921676
0.994372
-0.997356
0.950964
0.79906
0.97104
1
-0.92329
-0.904729
0.99857
-0.990311
0.954317
0.781052
0.974085
1
-0.929493
-0.912708
0.998575
-0.992955
0.958216
0.796813
0.970982
1
-0.922004
-0.903019
0.994557
-0.995676
0.944336
0.777605
0.599997
0.999998
-0.956025
-0.918933
0.915285
-0.999437
0.924185
0.786901
-0.632488
0.999988
-0.968515
-0.915681
-0.321763
-0.999905
0.85071
0.748275
-0.983865
0.999645
-0.972004
-0.888822
-0.869862
-0.99998
0.82024
0.760784
-0.992565
0.997009
-0.960413
-0.83724
-0.769414
-0.999992
0.883437
0.824426
-0.988217
0.998867
-0.96503
-0.860548
-0.804941
-0.999993
0.880262
0.824109
-0.930664
0.998684
-0.935823
-0.808892
0.731606
-0.999988
0.960765
0.894502
0.213625
0.99986
-0.888725
-0.796942
0.959748
-0.999929
0.966222
0.883731
0.804932
0.999911
-0.830785
-0.759303
0.989743
-0.999672
0.966642
0.865944
0.772189
0.999909
-0.838474
-0.764099
0.986313
-0.999833
0.969661
0.880452
0.569345
0.999809
-0.843584
-0.75124
0.940178
-0.99995
0.965077
0.886139
-0.622048
0.999315
-0.904356
-0.780162
0.241892
-0.999997
0.960325
0.909418
-0.964507
0.996588
-0.932841
-0.784792
-0.822652
-1
0.945662
0.913712
-0.996291
0.984356
-0.949802
-0.783979
-0.960544
-1
0.94127
0.923287
-0.998003
0.964829
-0.948201
-0.763058
-0.939321
-1
0.95851
0.941216
-0.995475
0.97317
-0.937975
-0.748011
-0.657231
-1
0.974632
0.952593
-0.956314
0.986958
-0.896893
-0.699696
0.838623
-1
0.989263
0.964463
-0.152696
0.994848
-0.772302
-0.597338
0.995333
-0.999991
0.990375
0.950673
0.66945
0.997236
-0.666501
-0.540025
0.997891
-0.999745
0.981143
0.903219
0.244258
0.997966
-0.773367
-0.626856
0.996586
-0.999985
0.990004
0.947364
0.557749
0.996591
-0.682238
-0.541188
0.99029
-0.999919
0.97767
0.906401
-0.90785
0.993828
-0.893675
-0.711923
0.570624
-1
0.985534
0.959943
-0.974527
0.98085
-0.903585
-0.69501
-0.519891
-1
0.978885
0.958272
-0.998672
0.955863
-0.951674
-0.761329
-0.989289
-1
0.951487
0.946363
-0.99966
0.874642
-0.957516
-0.751125
-0.995609
-1
0.955529
0.956817
-0.999557
0.896122
-0.956328
-0.751755
-0.989558
-1
0.958694
0.955056
-0.998135
0.950941
-0.94474
-0.740985
-0.799348
-1
0.97406
0.956819
-0.964332
0.990002
-0.910606
-0.718376
0.816356
-1
0.986831
0.959528
0.218936
0.998371
-0.790229
-0.639219
0.996312
-0.999957
0.986236
0.933123
0.906728
0.999645
-0.703467
-0.623454
0.998057
-0.997881
0.966501
0.846568
0.662851
0.999894
-0.854987
-0.76216
0.997533
-0.999894
0.984357
0.922467
0.978444
0.999905
-0.675218
-0.645516
0.987308
-0.982798
0.892656
0.67656
-0.989757
0.999903
-0.983423
-0.920101
0.374145
-0.999991
0.948614
0.890096
0.245062
0.999762
-0.871158
-0.756052
0.866501
-0.99994
0.951568
0.871705
-0.871269
0.999803
-0.95421
-0.855843
-0.662002
-0.999991
0.892074
0.840371
-0.966511
0.998845
-0.951862
-0.824172
-0.549055
-0.999992
0.90781
0.855674
-0.961348
0.999425
-0.958495
-0.846709
-0.498433
-0.999986
0.896699
0.838785
-0.837795
0.999666
-0.942815
-0.828993
0.76249
-0.999953
0.944362
0.867257
0.299803
0.999968
-0.922289
-0.84046
0.96467
-0.999699
0.950677
0.85083
0.832978
0.999991
-0.905872
-0.844661
0.990447
-0.998816
0.952426
0.833276
0.887614
0.999996
-0.914832
-0.863725
0.98973
-0.998396
0.947031
0.819551
0.778639
0.999997
-0.935626
-0.883717
0.964333
-0.998983
0.930755
0.803426
0.055308
0.999995
-0.960044
-0.903763
0.665787
-0.999573
0.885306
0.768335
-0.851501
0.999977
-0.973755
-0.909604
-0.336276
-0.999791
0.810878
0.722572
-0.962252
0.999785
-0.968838
-0.876672
-0.149254
-0.999835
0.841737
0.751811
-0.951434
0.999912
-0.973669
-0.896122
-0.0958303
-0.999752
0.829607
0.733228
-0.841121
0.999935
-0.964142
-0.882086
0.864448
-0.999437
0.909269
0.789301
0.207584
0.999996
-0.959925
-0.906038
0.975344
-0.998181
0.927579
0.789665
0.846434
0.999999
-0.946493
-0.904291
0.995791
-0.995193
0.945661
0.799687
0.958159
1
-0.936221
-0.904351
0.997375
-0.991727
0.945551
0.78906
0.943285
1
-0.94476
-0.912748
0.995084
-0.994311
0.940234
0.787004
0.830427
0.999999
-0.95525
-0.917203
0.972186
-0.997551
0.918413
0.771077
-0.102474
0.999998
-0.971598
-0.925173
0.616483
-0.999317
0.863124
0.73809
-0.901542
0.999976
-0.976896
-0.914328
-0.387359
-0.999778
0.801085
0.715168
-0.968051
0.999685
-0.967183
-0.868201
-0.138644
-0.999891
0.858804
0.77469
-0.951232
0.999883
-0.971441
-0.888655
-0.266822
-0.999895
0.848722
0.767431
-0.815811
0.999852
-0.952515
-0.853265
0.873309
-0.999839
0.93696
0.843213
0.442285
0.999987
-0.933498
-0.863545
0.970227
-0.999544
0.947513
0.841569
0.858786
0.999992
-0.904515
-0.844463
0.991487
-0.999027
0.956488
0.844345
0.904551
0.999993
-0.893901
-0.837548
0.988978
-0.999121
0.954123
0.841461
0.740218
0.999987
-0.909987
-0.841543
0.952697
-0.999754
0.94876
0.8516
-0.0407785
0.999955
-0.931519
-0.844588
0.504247
-0.999958
0.928846
0.852299
-0.889627
0.999723
-0.952365
-0.845834
-0.67123
-0.999993
0.898669
0.851271
-0.97992
0.997961
-0.952244
-0.813595
-0.740928
-0.999998
0.919289
0.881488
-0.980659
0.997557
-0.950351
-0.807304
-0.596089
-0.999998
0.937584
0.899278
-0.917975
0.998208
-0.927644
-0.77599
0.636275
-0.999997
0.971053
0.928356
-0.0971344
0.999348
-0.863798
-0.723583
0.976814
-0.999985
0.981212
0.930849
0.744023
0.999582
-0.774091
-0.660821
0.994437
-0.999836
0.976994
0.902564
0.620284
0.999574
-0.801533
-0.681834
0.992771
-0.999946
0.981677
0.922088
0.481705
0.999177
-0.790794
-0.655133
0.977298
-0.999973
0.978364
0.920847
-0.705043
0.997694
-0.880676
-0.71227
0.641303
-0.999999
0.979254
0.945525
-0.969715
0.991498
-0.919041
-0.731509
-0.665355
-1
0.969729
0.947058
-0.997894
0.970455
-0.950413
-0.761774
-0.974953
-1
0.954787
0.945449
-0.999225
0.921102
-0.952142
-0.743657
-0.975863
-1
0.966681
0.959279
-0.998596
0.935022
-0.945394
-0.732909
-0.881054
-1
0.977592
0.965042
-0.989062
0.967556
-0.914734
-0.692315
0.59589
-1
0.990693
0.97355
-0.691189
0.988957
-0.816353
-0.601519
0.994484
-0.999999
0.99438
0.970899
0.622422
0.995463
-0.643172
-0.495157
0.999042
-0.999735
0.985092
0.915827
0.468808
0.997874
-0.73606
-0.589303
0.998724
-0.999959
0.990307
0.943853
0.773074
0.997615
-0.639912
-0.519289
0.996079
-0.999562
0.973127
0.880539
-0.827237
0.997084
-0.893692
-0.727223
0.871303
-1
0.987806
0.960034
-0.779872
0.992323
-0.850803
-0.651952
0.667404
-1
0.982881
0.952348
-0.991104
0.985771
-0.9361
-0.753532
-0.933215
-1
0.95691
0.939673
-0.999235
0.955849
-0.959414
-0.779415
-0.994369
-1
0.92894
0.930174
-0.999529
0.903677
-0.956438
-0.754524
-0.990918
-1
0.947039
0.944299
-0.998991
0.963004
-0.95785
-0.779653
-0.97542
-1
0.93795
0.926269
-0.99232
0.984712
-0.937682
-0.755832
-0.150434
-1
0.97098
0.939139
-0.719058
0.998613
-0.896869
-0.750956
0.937793
-0.999993
0.979239
0.929744
0.841352
0.999806
-0.781055
-0.698552
0.996275
-0.999035
0.967113
0.855991
0.896499
0.999965
-0.839373
-0.779621
0.998191
-0.999055
0.97401
0.872143
0.985205
0.999985
-0.770264
-0.755834
0.996297
-0.98565
0.930709
0.733377
-0.114797
0.999993
-0.959924
-0.906792
0.985019
-0.999854
0.969765
0.885184
0.963021
0.999988
-0.831919
-0.795932
0.950254
-0.996773
0.896487
0.717954
-0.964602
0.999974
-0.98281
-0.931094
-0.31523
-0.99994
0.867282
0.778878
-0.909694
0.9998
-0.958648
-0.868519
-0.268933
-0.99994
0.871501
0.782045
-0.969826
0.999832
-0.972408
-0.894658
-0.668119
-0.999936
0.821041
0.741109
-0.953458
0.999602
-0.959674
-0.861537
0.501761
-0.999877
0.90594
0.799737
-0.665052
0.999981
-0.965781
-0.905551
0.753122
-0.999615
0.901677
0.772059
0.0526902
0.999993
-0.955931
-0.903225
0.977393
-0.998805
0.93847
0.797963
0.841322
0.999999
-0.942699
-0.906952
0.993127
-0.996406
0.942746
0.783257
0.870181
0.999999
-0.950298
-0.920125
0.992198
-0.995979
0.938588
0.77303
0.705606
0.999999
-0.962791
-0.931452
0.967322
-0.99744
0.915062
0.745176
-0.384499
0.999999
-0.97926
-0.944958
0.64305
-0.99889
0.851793
0.690917
-0.951341
0.99999
-0.985412
-0.943687
-0.274823
-0.999418
0.769077
0.637424
-0.987253
0.999874
-0.980612
-0.915915
-0.154088
-0.999571
0.801356
0.670781
-0.980695
0.999941
-0.982042
-0.925269
0.0596612
-0.99945
0.813338
0.672672
-0.935179
0.999971
-0.978266
-0.923692
0.819265
-0.999029
0.887312
0.729124
-0.302616
0.999997
-0.973494
-0.934276
0.977229
-0.997771
0.927295
0.762431
0.803979
0.999999
-0.95701
-0.927867
0.996715
-0.994699
0.949787
0.783639
0.959828
1
-0.940932
-0.92156
0.997755
-0.991542
0.949342
0.772218
0.922259
1
-0.951318
-0.92892
0.993786
-0.995834
0.942722
0.773009
0.647894
0.999999
-0.962628
-0.932044
0.929698
-0.998732
0.911325
0.74825
-0.762093
0.999996
-0.979738
-0.940462
-0.1602
-0.99974
0.825834
0.696584
-0.98583
0.999864
-0.979343
-0.915505
-0.762555
-0.999921
0.790757
0.699952
-0.991858
0.999003
-0.969751
-0.875806
-0.599218
-0.999959
0.853382
0.762352
-0.981367
0.999676
-0.97117
-0.892041
-0.470775
-0.999958
0.867389
0.772268
-0.880277
0.999789
-0.953122
-0.868493
0.804024
-0.999926
0.942962
0.841127
0.478446
0.999975
-0.914211
-0.85561
0.975443
-0.999686
0.957039
0.840616
0.871758
0.999986
-0.8787
-0.837786
0.989199
-0.99922
0.957486
0.826203
0.802958
0.999984
-0.890499
-0.844618
0.977959
-0.999679
0.958361
0.84132
0.48191
0.999958
-0.901267
-0.83948
0.823851
-0.999922
0.9445
0.8396
-0.793937
0.999791
-0.943391
-0.858908
-0.530983
-0.999993
0.915742
0.843578
-0.983428
0.998062
-0.953954
-0.842782
-0.9206
-0.999999
0.899252
0.85283
-0.995392
0.991036
-0.952964
-0.81681
-0.939889
-1
0.916202
0.878364
-0.995076
0.989549
-0.949823
-0.809
-0.896152
-1
0.934204
0.89466
-0.982062
0.992975
-0.93244
-0.788291
-0.253281
-0.999999
0.963755
0.917495
-0.760702
0.997586
-0.883544
-0.75116
0.870032
-0.999996
0.978644
0.924625
0.470984
0.998988
-0.773329
-0.681946
0.98134
-0.999892
0.971106
0.876777
0.337538
0.999355
-0.815563
-0.724937
0.983531
-0.999961
0.979082
0.904885
0.616545
0.999126
-0.75373
-0.674656
0.951167
-0.999881
0.959601
0.85203
-0.874092
0.998243
-0.913528
-0.79361
0.309765
-0.999999
0.973277
0.926287
-0.897394
0.994072
-0.887592
-0.738535
-0.3873
-1
0.963925
0.918727
-0.993626
0.984964
-0.939402
-0.789005
-0.955817
-1
0.945574
0.917076
-0.998133
0.957655
-0.94492
-0.778292
-0.975613
-1
0.948482
0.926845
-0.998159
0.954959
-0.944164
-0.776012
-0.963997
-1
0.953075
0.929428
-0.994994
0.971554
-0.932842
-0.766089
-0.769877
-1
0.966624
0.933972
-0.955657
0.990677
-0.902332
-0.747868
0.47626
-0.999999
0.978399
0.935161
-0.316714
0.997585
-0.82499
-0.704314
0.95386
-0.999985
0.977686
0.908691
0.466273
0.999236
-0.788311
-0.707013
0.976377
-0.999882
0.96824
0.866496
0.211099
0.999616
-0.850471
-0.768771
0.957124
-0.999961
0.971692
0.886846
0.235164
0.999626
-0.849196
-0.768553
0.795583
-0.99996
0.952011
0.852244
-0.893325
0.999417
-0.939132
-0.846554
-0.549156
-0.999997
0.929214
0.858677
-0.977376
0.998295
-0.950339
-0.84627
-0.891787
-0.999998
0.897025
0.836702
-0.992907
0.996396
-0.957681
-0.847318
-0.913739
-0.999998
0.888219
0.829281
-0.98962
0.997274
-0.955822
-0.848175
-0.742091
-0.999995
0.904094
0.829705
-0.949507
0.99935
-0.950824
-0.860621
0.155517
-0.99998
0.929199
0.832507
-0.401547
0.999914
-0.932366
-0.865669
0.920943
-0.999861
0.950923
0.831846
0.754541
0.999988
-0.905139
-0.868109
0.987314
-0.998944
0.952113
0.798632
0.818826
0.999997
-0.925771
-0.897572
0.989888
-0.998642
0.952206
0.794164
0.75037
0.999998
-0.94141
-0.913345
0.961967
-0.998863
0.930822
0.7584
-0.498003
0.999997
-0.975288
-0.942435
0.469684
-0.99958
0.870416
0.702444
-0.976987
0.999985
-0.986599
-0.950293
-0.682349
-0.999737
0.748183
0.607601
-0.997538
0.999631
-0.984034
-0.924857
-0.699033
-0.999757
0.748613
0.610596
-0.997675
0.999731
-0.985656
-0.931047
-0.528199
-0.999578
0.753371
0.595966
-0.994415
0.999907
-0.98594
-0.938707
0.498871
-0.998867
0.835603
0.63741
-0.944398
0.999997
-0.988658
-0.961236
0.953638
-0.996014
0.896446
0.673956
-0.0572025
1
-0.984623
-0.966097
0.998359
-0.986012
0.948519
0.736361
0.976433
1
-0.964162
-0.957921
0.999862
-0.944167
0.965159
0.750263
0.997718
1
-0.95006
-0.957637
0.999928
-0.87783
0.964418
0.728312
0.997407
1
-0.964819
-0.969402
0.999879
-0.925195
0.963705
0.738256
0.991455
1
-0.967428
-0.966552
0.999186
-0.96339
0.945978
0.705439
0.553121
1
-0.986956
-0.97539
0.972087
-0.992623
0.895658
0.654305
-0.968993
1
-0.995048
-0.98012
-0.27491
-0.998383
0.710904
0.513801
-0.999677
0.999865
-0.99372
-0.957947
-0.926087
-0.999556
0.563649
0.46471
-0.999664
0.968991
-0.970592
-0.841989
-0.32449
-0.999912
0.857132
0.730527
-0.99878
0.999957
-0.993026
-0.960694
-0.98942
-0.999816
0.418016
0.419729
-0.994527
-0.441178
-0.731134
-0.334888
0.97901
-1
0.999542
0.998174
0.890346
0.999994
-0.89535
-0.870413
-0.531138
-0.997451
0.620408
0.426289
-0.999856
0.996632
-0.987991
-0.919156
0.357291
-0.999806
0.885631
0.737408
-0.884151
0.999989
-0.979195
-0.940169
0.62831
-0.999524
0.88353
0.712325
-0.680666
0.999994
-0.974594
-0.937442
0.954719
-0.999235
0.934504
0.771714
0.67047
0.999998
-0.951265
-0.924087
0.990957
-0.998193
0.950164
0.782919
0.851273
0.999999
-0.942647
-0.921019
0.988989
-0.998084
0.946119
0.773262
0.522658
0.999998
-0.957615
-0.929361
0.931081
-0.999333
0.927886
0.763425
-0.641216
0.999994
-0.973587
-0.936571
0.0939479
-0.999835
0.870407
0.723779
-0.981553
0.999928
-0.980735
-0.930809
-0.808597
-0.999949
0.803854
0.69546
-0.994728
0.998934
-0.972518
-0.891508
-0.768998
-0.999975
0.847022
0.74741
-0.991222
0.999385
-0.972269
-0.896929
-0.712561
-0.999977
0.860402
0.759859
-0.961694
0.99957
-0.959794
-0.880134
0.381636
-0.999963
0.928532
0.819968
-0.344404
0.999941
-0.936142
-0.875514
0.911928
-0.999889
0.952311
0.835909
0.720041
0.999976
-0.891359
-0.850877
0.979686
-0.999548
0.956172
0.819872
0.721956
0.999982
-0.898255
-0.859338
0.971844
-0.999708
0.956914
0.82864
0.448052
0.999967
-0.908068
-0.858476
0.834378
-0.9999
0.942879
0.822379
-0.752372
0.999876
-0.9468
-0.878048
-0.383317
-0.999988
0.913269
0.821617
-0.977077
0.999082
-0.957863
-0.868078
-0.896197
-0.999997
0.8862
0.820662
-0.993818
0.995296
-0.956247
-0.842458
-0.920091
-0.999999
0.900427
0.845128
-0.993178
0.994705
-0.953361
-0.835546
-0.871479
-0.999999
0.917288
0.860753
-0.97674
0.99666
-0.939537
-0.821128
-0.277333
-0.999998
0.94977
0.885587
-0.729187
0.999019
-0.903519
-0.799321
0.804805
-0.99999
0.968357
0.894815
0.472392
0.999655
-0.826007
-0.755421
0.967442
-0.999873
0.964134
0.855752
0.439161
0.999798
-0.852422
-0.785471
0.970612
-0.999926
0.970171
0.875382
0.551098
0.999751
-0.829871
-0.764772
0.903595
-0.999914
0.954166
0.843574
-0.781998
0.999467
-0.924334
-0.831315
0.0464048
-0.999997
0.953182
0.884676
-0.927443
0.998157
-0.926356
-0.812491
-0.722267
-0.999999
0.934578
0.875974
-0.990958
0.994545
-0.948725
-0.825679
-0.932285
-1
0.921026
0.877223
-0.993899
0.989109
-0.945168
-0.807231
-0.884975
-1
0.936646
0.892658
-0.986095
0.993591
-0.938679
-0.806028
-0.632909
-0.999999
0.949966
0.89887
-0.902341
0.997432
-0.911481
-0.78655
0.582598
-0.999997
0.969429
0.909299
-1.24825e-05
0.999301
-0.846299
-0.75105
0.947993
-0.99996
0.96966
0.883554
0.492375
0.999717
-0.833019
-0.760489
0.968973
-0.999891
0.966023
0.864451
0.359022
0.999797
-0.861103
-0.787622
0.932129
-0.999941
0.963085
0.86742
-0.212589
0.999731
-0.895462
-0.810384
0.585395
-0.999982
0.950264
0.863713
-0.882231
0.999416
-0.937403
-0.841427
-0.617212
-0.999996
0.921327
0.852114
-0.98297
0.998079
-0.953368
-0.845791
-0.888909
-0.999998
0.899663
0.844065
-0.990149
0.996331
-0.953139
-0.834904
-0.834387
-0.999998
0.91039
0.852445
-0.977397
0.998136
-0.949507
-0.838951
-0.466176
-0.999995
0.927673
0.857472
-0.827064
0.999497
-0.931869
-0.83463
0.702791
-0.999979
0.953963
0.869172
0.35876
0.999912
-0.889625
-0.821174
0.965375
-0.99981
0.958579
0.846517
0.74601
0.999973
-0.885308
-0.836609
0.980907
-0.999529
0.955939
0.828113
0.671118
0.999984
-0.908431
-0.860541
0.956547
-0.999674
0.948193
0.821066
0.0421387
0.999979
-0.939539
-0.884064
0.649385
-0.999881
0.920464
0.80011
-0.871391
0.999943
-0.966358
-0.904311
-0.595137
-0.999958
0.85311
0.7552
-0.984674
0.999551
-0.970177
-0.889076
-0.785816
-0.999971
0.834272
0.750159
-0.987684
0.999277
-0.968268
-0.87958
-0.602773
-0.999962
0.856304
0.762243
-0.963179
0.999771
-0.9673
-0.890397
0.150107
-0.999909
0.891177
0.776092
-0.66554
0.999966
-0.959265
-0.898146
0.908573
-0.999664
0.933185
0.801538
0.676904
0.999996
-0.937003
-0.896462
0.991419
-0.998322
0.950972
0.802069
0.932001
0.999999
-0.925213
-0.900262
0.99621
-0.995762
0.950979
0.784895
0.909822
0.999999
-0.9404
-0.915296
0.993069
-0.99689
0.94554
0.781016
0.693923
0.999999
-0.9572
-0.925901
0.944275
-0.998641
0.91627
0.751571
-0.680132
0.999997
-0.97926
-0.941898
0.072087
-0.999599
0.830343
0.688593
-0.983818
0.999942
-0.983052
-0.929654
-0.722661
-0.999818
0.754554
0.652938
-0.993036
0.999249
-0.973489
-0.88562
-0.414304
-0.99987
0.828318
0.718228
-0.986028
0.999883
-0.980311
-0.917956
-0.461246
-0.999805
0.802667
0.688108
-0.93672
0.99987
-0.967009
-0.891981
0.875478
-0.999584
0.920985
0.786682
0.281369
0.999997
-0.957752
-0.914715
0.982418
-0.99853
0.940277
0.791119
0.901952
0.999999
-0.935456
-0.905447
0.997058
-0.995835
0.95462
0.798793
0.968215
0.999999
-0.921754
-0.901558
0.997429
-0.993833
0.951471
0.784926
0.919963
0.999999
-0.938961
-0.911759
0.991692
-0.997594
0.94587
0.792964
0.646682
0.999998
-0.951768
-0.913214
0.89168
-0.999339
0.914135
0.771057
-0.790657
0.999988
-0.974547
-0.924101
-0.44924
-0.999888
0.829479
0.728297
-0.984802
0.999605
-0.971738
-0.88651
-0.790587
-0.999967
0.824028
0.753376
-0.990526
0.998746
-0.966476
-0.861382
-0.745257
-0.999981
0.857922
0.790394
-0.978329
0.99925
-0.962198
-0.859836
-0.321714
-0.999979
0.899508
0.822133
-0.808857
0.999784
-0.945397
-0.850627
0.797228
-0.999952
0.94819
0.862293
0.579454
0.999957
-0.893901
-0.821406
0.984147
-0.999716
0.963124
0.861983
0.913869
0.999979
-0.849449
-0.800077
0.993261
-0.998985
0.959942
0.837609
0.852488
0.999978
-0.871624
-0.814525
0.989642
-0.999646
0.965716
0.864452
0.776707
0.999951
-0.862016
-0.792372
0.941876
-0.999841
0.952324
0.852465
-0.607131
0.999802
-0.930861
-0.831994
0.0437169
-0.999993
0.940903
0.878953
-0.951703
0.99869
-0.943175
-0.817143
-0.819593
-0.999999
0.921852
0.882185
-0.993144
0.993304
-0.951986
-0.803085
-0.924241
-1
0.926231
0.899415
-0.994536
0.988306
-0.947843
-0.783713
-0.837218
-1
0.949093
0.920728
-0.981109
0.992716
-0.932454
-0.7654
-0.0446073
-1
0.971914
0.938575
-0.742673
0.996986
-0.876687
-0.710925
0.950343
-0.999998
0.986182
0.949075
0.581497
0.998643
-0.741036
-0.614276
0.995699
-0.999887
0.981133
0.911361
0.636549
0.999105
-0.754675
-0.636564
0.996525
-0.999913
0.98361
0.919761
0.663286
0.998825
-0.730851
-0.610206
0.992293
-0.999908
0.978524
0.907672
-0.451229
0.997658
-0.847379
-0.684598
0.925147
-0.999998
0.98533
0.94934
-0.856151
0.992756
-0.87214
-0.679187
0.36864
-1
0.981007
0.952487
-0.994106
0.97885
-0.937302
-0.746839
-0.948385
-1
0.961245
0.946946
-0.999514
0.923686
-0.958899
-0.765546
-0.996115
-1
0.94414
0.947021
-0.999739
0.831922
-0.957392
-0.741875
-0.996414
-1
0.960289
0.962802
-0.99951
0.904063
-0.956035
-0.751397
-0.985476
-1
0.961573
0.956377
-0.996913
0.956265
-0.937454
-0.726878
-0.42995
-1
0.98168
0.963351
-0.899301
0.992129
-0.883908
-0.686643
0.962613
-0.999999
0.990845
0.964496
0.687845
0.998476
-0.707541
-0.576992
0.998685
-0.999667
0.982364
0.907251
0.876726
0.99964
-0.726207
-0.636023
0.999044
-0.999171
0.979408
0.890642
0.93763
0.999825
-0.720409
-0.653319
0.998247
-0.998138
0.968658
0.854617
0.650802
0.999863
-0.847235
-0.748263
0.991979
-0.999933
0.979884
0.916502
0.667511
0.99975
-0.818477
-0.709808
0.908546
-0.999923
0.954211
0.872198
-0.951399
0.999359
-0.953868
-0.837679
-0.883155
-0.999998
0.902324
0.871757
-0.995016
0.993338
-0.95724
-0.803918
-0.969123
-0.999999
0.883281
0.871855
-0.998592
0.986221
-0.964904
-0.80847
-0.986844
-0.999999
0.85295
0.857764
-0.997455
0.978518
-0.952147
-0.767614
-0.830405
-0.999999
0.92343
0.893536
-0.988053
0.998898
-0.965875
-0.850864
-0.794713
-0.999993
0.878392
0.836021
-0.697771
0.999358
-0.915156
-0.777867
0.986363
-0.999908
0.973808
0.903678
0.969661
0.999991
-0.836736
-0.792565
0.998607
-0.991299
0.954891
0.804258
0.988311
0.999999
-0.873713
-0.850651
0.999901
-0.983688
0.976681
0.849708
0.999898
1
-0.647252
-0.7719
0.999608
0.902064
0.715862
0.156325
0.978739
1
-0.999857
-0.99982
0.999987
-0.996126
0.991857
0.923368
1
1
0.208915
-0.475999
-0.978548
1
-0.999905
-0.999642
0.999997
-0.996761
0.995409
0.943851
1
1
0.629651
-0.214822
-0.974221
1
-0.999996
-0.999978
1
-0.998092
0.998581
0.970921
1
0.999999
0.929892
0.299566
0.999997
1
-0.999524
-0.999822
1
-0.99935
0.999767
0.989808
1
0.999995
0.991819
0.748329
1
1
0.209906
-0.970253
-0.999999
1
-0.999998
-0.999957
1
-0.999979
0.999987
0.998449
1
0.999743
0.999746
0.969363
1
1
0.999348
0.233193
-1
1
-1
-1
-0.999451
-0.99983
-0.0368078
0.258052
0.487658
-0.999999
0.973885
0.968923
-0.0298748
0.999988
-0.950942
-0.893732
-0.837468
-0.99945
0.620869
0.539738
-0.993055
0.991408
-0.948234
-0.792569
0.984228
-0.999654
0.961098
0.855576
0.293671
0.999999
-0.969064
-0.933683
0.835933
-0.997584
0.860505
0.678923
-0.572717
0.999998
-0.980083
-0.94361
0.984627
-0.996232
0.925436
0.752229
0.841065
1
-0.96352
-0.937711
0.997878
-0.988669
0.945637
0.764405
0.961781
1
-0.956577
-0.938882
0.998769
-0.981744
0.947663
0.758473
0.9538
1
-0.961891
-0.944388
0.997475
-0.98635
0.93952
0.748513
0.788006
1
-0.973056
-0.95052
0.981016
-0.994276
0.910659
0.720898
-0.481082
0.999999
-0.985119
-0.9574
0.642646
-0.998217
0.831847
0.660772
-0.973096
0.99999
-0.988046
-0.948617
-0.412549
-0.999348
0.739642
0.616166
-0.99099
0.999719
-0.978362
-0.90227
-0.153891
-0.999678
0.814742
0.694089
-0.982444
0.999929
-0.981763
-0.921933
-0.29023
-0.999686
0.799878
0.683105
-0.933862
0.999897
-0.968935
-0.893931
0.846175
-0.999577
0.91419
0.784593
0.078414
0.999995
-0.959437
-0.910532
0.968849
-0.999062
0.936276
0.799247
0.840284
0.999998
-0.932905
-0.892899
0.994007
-0.998024
0.953489
0.81511
0.943143
0.999998
-0.912544
-0.880534
0.993808
-0.99758
0.950303
0.805228
0.835562
0.999997
-0.928046
-0.885949
0.975987
-0.999304
0.945958
0.819591
0.332442
0.999989
-0.939695
-0.881458
0.703222
-0.999858
0.919967
0.811668
-0.865441
0.999912
-0.962338
-0.885511
-0.689313
-0.999981
0.867464
0.799849
-0.984445
0.99845
-0.958487
-0.841102
-0.820184
-0.999995
0.889947
0.840503
-0.989733
0.997494
-0.958408
-0.833679
-0.845561
-0.999998
0.90298
0.859572
-0.97402
0.997185
-0.942349
-0.802968
-0.0531468
-0.999997
0.95286
0.902183
-0.712591
0.999208
-0.910143
-0.7831
0.849202
-0.999993
0.972343
0.917038
0.529601
0.999599
-0.816873
-0.711273
0.987688
-0.999913
0.975582
0.899985
0.741798
0.999684
-0.787035
-0.695579
0.991412
-0.999845
0.974411
0.891426
0.54035
0.999519
-0.806453
-0.698863
0.980981
-0.999959
0.977198
0.910095
-0.134154
0.998699
-0.837806
-0.698509
0.879019
-0.999995
0.976949
0.926907
-0.908241
0.995091
-0.899663
-0.73056
-0.254292
-1
0.971798
0.940132
-0.99484
0.979153
-0.939635
-0.758626
-0.95496
-1
0.957662
0.941466
-0.999294
0.923712
-0.953396
-0.758891
-0.991505
-1
0.955477
0.950707
-0.999524
0.868769
-0.951755
-0.741871
-0.989717
-1
0.967924
0.963164
-0.998882
0.904905
-0.942625
-0.728665
-0.918989
-1
0.979059
0.967313
-0.990467
0.957198
-0.910814
-0.690529
0.49591
-1
0.990665
0.973164
-0.723105
0.986198
-0.810726
-0.602706
0.992334
-0.999999
0.993831
0.968191
0.579052
0.994818
-0.641918
-0.504795
0.998421
-0.999723
0.982467
0.904663
0.286969
0.99781
-0.762233
-0.620517
0.997897
-0.999977
0.990397
0.94531
0.804377
0.997626
-0.621566
-0.521102
0.993111
-0.999094
0.960971
0.84061
-0.946994
0.997532
-0.930214
-0.786972
0.602484
-1
0.983711
0.954063
-0.737646
0.993322
-0.84631
-0.660052
0.671946
-0.999999
0.980269
0.94419
-0.986422
0.990032
-0.933432
-0.762677
-0.901569
-1
0.954622
0.931867
-0.998365
0.972694
-0.954705
-0.782769
-0.984571
-1
0.933406
0.923644
-0.998842
0.956265
-0.953617
-0.76997
-0.971801
-1
0.94371
0.930031
-0.996764
0.982014
-0.950074
-0.78056
-0.866672
-1
0.949922
0.923534
-0.964009
0.995364
-0.926804
-0.767258
0.522963
-0.999999
0.973051
0.93115
0.00757689
0.999445
-0.859119
-0.736495
0.981238
-0.999956
0.976764
0.90976
0.88897
0.999899
-0.792476
-0.72578
0.995033
-0.998724
0.96115
0.838035
0.801112
0.999972
-0.876533
-0.81215
0.995394
-0.999601
0.972543
0.878537
0.96032
0.999982
-0.817106
-0.779229
0.984496
-0.997066
0.929972
0.767646
-0.593193
0.999981
-0.963544
-0.90225
0.768329
-0.999924
0.938102
0.845727
-0.160017
0.999961
-0.937936
-0.862184
0.317093
-0.999895
0.896365
0.794427
-0.951932
0.999899
-0.972233
-0.898955
-0.781976
-0.999953
0.809041
0.741704
-0.980114
0.998977
-0.960176
-0.847851
-0.268277
-0.999948
0.875821
0.789848
-0.966994
0.999894
-0.975121
-0.903712
-0.5283
-0.999877
0.81316
0.721858
-0.877841
0.999826
-0.95612
-0.865207
0.9255
-0.999568
0.931652
0.809704
0.512335
0.999997
-0.954323
-0.909589
0.9842
-0.997614
0.933254
0.779481
0.881308
0.999999
-0.948441
-0.916437
0.997504
-0.992875
0.949414
0.786433
0.969912
1
-0.941585
-0.92075
0.998392
-0.985405
0.946245
0.765042
0.941146
1
-0.958606
-0.936904
0.996532
-0.989837
0.938129
0.757163
0.767151
1
-0.970954
-0.945217
0.974166
-0.994772
0.903624
0.718013
-0.596009
0.999999
-0.985876
-0.956837
0.552066
-0.998013
0.811318
0.643993
-0.978552
0.999988
-0.988201
-0.946783
-0.356865
-0.999024
0.72185
0.595912
-0.991549
0.999771
-0.980074
-0.906583
0.00492765
-0.999338
0.796289
0.663539
-0.984425
0.999961
-0.985229
-0.932912
-0.0902655
-0.999128
0.76938
0.633899
-0.9493
0.999948
-0.976506
-0.912582
0.897348
-0.99856
0.895005
0.737543
-0.0891133
0.999999
-0.974712
-0.937544
0.98338
-0.996483
0.924668
0.756878
0.857365
1
-0.957899
-0.928916
0.998167
-0.99202
0.952701
0.789751
0.984012
1
-0.931355
-0.915761
0.999035
-0.983531
0.952747
0.774652
0.975664
1
-0.940477
-0.922486
0.998333
-0.991696
0.953635
0.790148
0.951344
1
-0.938636
-0.913677
0.990278
-0.996632
0.937187
0.776294
0.312056
0.999998
-0.963997
-0.923557
0.783003
-0.999543
0.901475
0.768318
-0.869448
0.999977
-0.974412
-0.917341
-0.649416
-0.999926
0.817822
0.733879
-0.987704
0.998994
-0.965863
-0.861363
-0.760475
-0.999983
0.858168
0.794414
-0.99077
0.998787
-0.96714
-0.861966
-0.864578
-0.999991
0.857357
0.80624
-0.97585
0.997792
-0.947295
-0.816022
0.130371
-0.999992
0.942399
0.878216
-0.710751
0.999719
-0.931991
-0.829263
0.71817
-0.999983
0.956229
0.885328
0.425684
0.999826
-0.863927
-0.77044
0.981578
-0.999908
0.971774
0.89097
0.836522
0.999877
-0.805664
-0.735008
0.988713
-0.999664
0.965416
0.862524
0.525531
0.999816
-0.850484
-0.759397
0.977201
-0.999955
0.975265
0.904359
0.350581
0.999458
-0.825783
-0.714636
0.884518
-0.999979
0.96613
0.895788
-0.908898
0.997663
-0.917817
-0.774492
-0.453167
-1
0.961698
0.924293
-0.991812
0.986492
-0.937872
-0.768725
-0.934722
-1
0.953212
0.931596
-0.998781
0.950384
-0.950806
-0.766844
-0.984452
-1
0.952831
0.942416
-0.999167
0.906369
-0.947629
-0.745513
-0.976316
-1
0.968487
0.958336
-0.997958
0.927608
-0.935565
-0.726891
-0.819633
-1
0.981124
0.9658
-0.981877
0.962383
-0.894386
-0.676802
0.738904
-1
0.991963
0.973278
-0.583888
0.98432
-0.773164
-0.573554
0.994086
-0.999998
0.993283
0.963464
0.457664
0.992045
-0.63532
-0.495694
0.997823
-0.999838
0.983401
0.90927
-0.0337061
0.99517
-0.757802
-0.60199
0.99671
-0.999991
0.991718
0.952649
0.522782
0.993107
-0.630772
-0.499331
0.990971
-0.999847
0.974293
0.887281
-0.948558
0.99058
-0.899586
-0.722737
0.574532
-1
0.987927
0.963613
-0.955533
0.97275
-0.872195
-0.659182
-0.0320453
-1
0.984321
0.961154
-0.997908
0.948355
-0.940839
-0.748234
-0.983975
-1
0.960226
0.949577
-0.999731
0.864096
-0.958938
-0.767546
-0.998742
-1
0.941366
0.948689
-0.999801
0.779006
-0.956702
-0.749728
-0.998919
-1
0.950811
0.958354
-0.999634
0.89102
-0.957576
-0.768997
-0.996208
-1
0.937388
0.937558
-0.998419
0.94854
-0.945871
-0.758547
-0.903587
-1
0.959153
0.936253
-0.97509
0.994237
-0.930029
-0.777316
0.211419
-0.999999
0.968321
0.923315
-0.112965
0.999398
-0.864633
-0.750521
0.979995
-0.999947
0.975352
0.900817
0.929524
0.999938
-0.786901
-0.745107
0.995867
-0.996324
0.951421
0.791086
0.775653
0.999991
-0.910489
-0.862922
0.998137
-0.999368
0.976872
0.877692
0.995955
0.999995
-0.748169
-0.781078
0.990352
-0.870553
0.832434
0.496845
-0.995111
0.999999
-0.996364
-0.979984
0.944963
-0.999629
0.94134
0.816576
0.896377
0.999997
-0.912893
-0.877634
0.968906
-0.997416
0.91685
0.73971
-0.743223
0.999997
-0.981728
-0.94594
0.357269
-0.999493
0.848837
0.701177
-0.956494
0.99998
-0.982674
-0.935706
-0.368445
-0.999544
0.770828
0.63812
-0.990572
0.99988
-0.982537
-0.922607
-0.294935
-0.999444
0.770214
0.631478
-0.988675
0.999933
-0.984296
-0.930875
0.207188
-0.998838
0.793904
0.62758
-0.96603
0.999988
-0.986213
-0.945707
0.851051
-0.996617
0.853355
0.652311
-0.710042
0.999999
-0.987121
-0.960825
0.989673
-0.988708
0.911848
0.695027
0.718372
1
-0.980955
-0.963705
0.999476
-0.962227
0.951392
0.742014
0.992094
1
-0.963752
-0.958837
0.999905
-0.885212
0.960997
0.741275
0.998488
1
-0.96139
-0.965221
0.999935
-0.840846
0.961897
0.735525
0.998739
1
-0.965428
-0.969744
0.999884
-0.881761
0.958108
0.731157
0.994021
1
-0.972046
-0.96953
0.999427
-0.949678
0.945872
0.72012
0.86523
1
-0.982397
-0.969958
0.989076
-0.98763
0.908227
0.684527
-0.775712
1
-0.991874
-0.973399
0.452777
-0.99759
0.789207
0.596229
-0.996181
0.999983
-0.992379
-0.958878
-0.778234
-0.999431
0.653785
0.544563
-0.998072
0.996738
-0.973368
-0.868961
-0.225701
-0.99985
0.843251
0.723504
-0.995671
0.999925
-0.988031
-0.940265
-0.931177
-0.999869
0.657722
0.596657
-0.983542
0.985454
-0.920633
-0.744443
0.988327
-0.9999
0.975321
0.893107
0.210568
0.999992
-0.949015
-0.901208
0.557544
-0.999714
0.889243
0.750362
-0.642791
0.999969
-0.959276
-0.898774
0.921072
-0.999834
0.947571
0.835123
0.727854
0.999987
-0.907382
-0.859028
0.971521
-0.999526
0.949554
0.820527
0.533358
0.999983
-0.919536
-0.866228
0.941595
-0.999826
0.951882
0.840249
0.170354
0.999954
-0.918585
-0.852117
0.69025
-0.999944
0.938054
0.837165
-0.826148
0.99978
-0.945951
-0.860315
-0.479014
-0.999993
0.91672
0.844246
-0.972004
0.99848
-0.949273
-0.837353
-0.790847
-0.999998
0.91921
0.865279
-0.984312
0.996063
-0.945048
-0.81526
-0.740128
-0.999999
0.939008
0.891314
-0.96726
0.99591
-0.929905
-0.791806
-0.153575
-0.999999
0.962987
0.915524
-0.788846
0.997381
-0.886474
-0.748154
0.818409
-0.999998
0.978651
0.92922
0.0695091
0.998248
-0.798867
-0.679805
0.969732
-0.999978
0.978305
0.910795
0.153686
0.998271
-0.789324
-0.673388
0.974229
-0.99998
0.979954
0.914919
-0.0968581
0.997139
-0.7929
-0.662178
0.944559
-0.999992
0.980217
0.92291
-0.751313
0.993117
-0.84468
-0.682928
0.691311
-0.999999
0.98224
0.943307
-0.965196
0.979331
-0.888653
-0.701961
-0.431979
-1
0.979184
0.952095
-0.997101
0.939111
-0.930498
-0.736896
-0.963506
-1
0.970892
0.95552
-0.999407
0.851804
-0.945255
-0.744222
-0.994453
-1
0.968498
0.963023
-0.999564
0.787578
-0.944545
-0.73345
-0.995223
-1
0.974245
0.970382
-0.999152
0.835551
-0.936825
-0.723954
-0.973619
-1
0.979791
0.970238
-0.995688
0.919124
-0.914794
-0.703326
-0.437933
-1
0.987028
0.969173
-0.930972
0.974222
-0.853907
-0.655609
0.919544
-1
0.991359
0.964409
-0.0106449
0.992743
-0.725177
-0.582965
0.990847
-0.999967
0.983443
0.918298
0.247384
0.997624
-0.758359
-0.643022
0.990314
-0.999955
0.981652
0.911315
0.403615
0.99859
-0.765768
-0.663612
0.973671
-0.999939
0.972346
0.887592
-0.544449
0.99871
-0.875702
-0.755175
0.736436
-0.999996
0.972158
0.914334
-0.827389
0.998072
-0.90213
-0.773756
-0.316377
-0.999998
0.950394
0.894204
-0.986283
0.996574
-0.94917
-0.826387
-0.936333
-0.999999
0.910115
0.870072
-0.994841
0.991667
-0.952266
-0.816373
-0.927211
-0.999999
0.910434
0.868953
-0.992115
0.995695
-0.954587
-0.831443
-0.845318
-0.999998
0.908216
0.853918
-0.959353
0.998642
-0.944508
-0.833064
0.149827
-0.999989
0.939069
0.860692
-0.376475
0.999875
-0.92463
-0.845097
0.917384
-0.999892
0.952901
0.847274
0.775499
0.999984
-0.896063
-0.850259
0.989351
-0.998874
0.953235
0.810008
0.873115
0.999997
-0.917269
-0.885281
0.993405
-0.998052
0.953192
0.800349
0.867018
0.999998
-0.934081
-0.905308
0.983636
-0.997873
0.936117
0.76677
0.0825767
0.999999
-0.970055
-0.93701
0.821549
-0.999057
0.890072
0.720044
-0.915852
0.999995
-0.985711
-0.951712
-0.326254
-0.999398
0.762656
0.612142
-0.995402
0.999895
-0.986526
-0.935272
-0.614437
-0.999431
0.710847
0.576134
-0.997112
0.999709
-0.984544
-0.92288
-0.246091
-0.999082
0.748995
0.588547
-0.994621
0.999958
-0.989053
-0.946739
0.360834
-0.997395
0.771944
0.571967
-0.979471
0.999995
-0.990583
-0.960025
0.94747
-0.990983
0.863911
0.626022
-0.595075
1
-0.991102
-0.973882
0.998169
-0.965579
0.930395
0.691004
0.948609
1
-0.981143
-0.972
0.999948
-0.868378
0.966646
0.751042
0.999769
1
-0.948344
-0.964869
0.999991
-0.438898
0.968998
0.719077
0.999995
1
-0.966829
-0.987391
0.999997
-0.501876
0.978593
0.766924
1
1
-0.911316
-0.975756
0.999992
0.226168
0.955479
0.626686
1
1
-0.992429
-0.998086
0.999997
-0.885385
0.987818
0.848285
0.999999
1
-0.621877
-0.875529
0.9858
0.998911
-0.296361
-0.655944
0.860782
1
-0.947811
-0.963438
0.999815
-0.976677
0.969642
0.797714
0.996701
1
-0.885566
-0.898597
0.994806
-0.988062
0.928211
0.713877
-0.523098
0.999997
-0.976311
-0.939975
0.653221
-0.999929
0.93081
0.824932
-0.749947
0.999856
-0.945538
-0.864794
-0.696691
-0.999993
0.899043
0.830351
-0.994436
0.994745
-0.957186
-0.830428
-0.972644
-1
0.905285
0.878866
-0.998909
0.941846
-0.949764
-0.770256
-0.986524
-1
0.947123
0.934466
-0.999553
0.868831
-0.951936
-0.757188
-0.99586
-1
0.961941
0.95849
-0.999548
0.678665
-0.936402
-0.697571
-0.991254
-1
0.98863
0.985664
-0.998683
0.611294
-0.905705
-0.631413
-0.862325
-1
0.996699
0.993523
-0.989185
0.513855
-0.808532
-0.485262
0.863358
-1
0.999355
0.997297
-0.82318
0.433357
-0.557736
-0.254875
0.99647
-1
0.999259
0.99538
-0.207973
0.277222
-0.264715
-0.0539278
0.992668
-1
0.995594
0.980518
-0.206917
-0.0145623
-0.184062
0.0221653
0.953243
-1
0.995875
0.986889
-0.532158
-0.485471
-0.162226
0.0879656
0.221987
-1
0.998224
0.996533
-0.905914
-0.814968
-0.276574
0.0893213
-0.265159
-1
0.999816
0.999644
-0.988649
-0.939396
-0.433355
0.0576756
0.156124
-1
0.999984
0.999959
-0.998446
-0.979923
-0.555138
0.0327757
0.422868
-1
0.999997
0.999991
-0.999848
-0.993469
-0.686315
-0.0196623
0.106908
-1
0.999999
0.999997
-0.999992
-0.997938
-0.819462
-0.121786
-0.919123
-1
0.999999
0.999999
-1
-0.999292
-0.9115
-0.2583
1
-1
1
0.999999
0.9998
0.990243
0.535065
0.192404
0.935609
1
-0.991516
-0.99304
0.0813266
-1
0.980285
0.953365
0.960048
0.972844
-0.112375
-0.122841
0.994825
0.86193
0.496813
-0.050008
-0.999999
1
-0.999963
-0.999492
-0.999716
-1
0.828081
0.885385
-0.945671
-0.841644
-0.34653
0.0981135
0.055247
-1
0.99975
0.999542
-0.999108
0.584043
-0.916026
-0.623437
-0.989525
-1
0.994336
0.993058
-0.999957
0.300699
-0.960393
-0.714316
-0.999992
-1
0.982798
0.992854
-0.999988
0.0182793
-0.968739
-0.729772
-1
-1
0.978212
0.994946
-0.99999
0.0529017
-0.97157
-0.742755
-1
-1
0.970283
0.993344
-0.999978
0.268875
-0.967201
-0.735707
-0.999996
-1
0.970445
0.989533
-0.999879
0.706845
-0.960024
-0.740005
-0.998927
-1
0.96619
0.972733
-0.998241
0.937431
-0.941593
-0.732788
-0.729187
-1
0.976596
0.958301
-0.912628
0.995191
-0.902208
-0.729914
0.921065
-0.999998
0.984469
0.946748
0.820632
0.999692
-0.76331
-0.674786
0.997427
-0.998713
0.968326
0.854302
0.929663
0.999977
-0.837596
-0.786936
0.999147
-0.997694
0.973724
0.85993
0.995757
0.999996
-0.76231
-0.778787
0.998835
-0.890626
0.914606
0.64859
0.214689
1
-0.981405
-0.957232
0.998594
-0.998751
0.974007
0.86961
0.999157
0.999999
-0.765094
-0.815056
0.994895
-0.403575
0.775515
0.378113
-0.971968
1
-0.999124
-0.995919
0.974685
-0.996951
0.917168
0.75106
0.79917
1
-0.960488
-0.929033
0.986254
-0.992814
0.913533
0.725351
-0.308736
1
-0.985562
-0.959409
0.806299
-0.995478
0.825215
0.633352
-0.967077
0.999998
-0.991629
-0.962327
0.120443
-0.996053
0.702253
0.534627
-0.994498
0.999957
-0.989148
-0.941566
0.188066
-0.99556
0.705073
0.532355
-0.995344
0.999975
-0.991207
-0.95042
0.384546
-0.991926
0.697088
0.503512
-0.992783
0.999989
-0.991938
-0.956374
0.87048
-0.981012
0.777519
0.538484
-0.965383
1
-0.994905
-0.975924
0.985942
-0.943922
0.848336
0.575041
-0.457235
1
-0.994941
-0.98356
0.999557
-0.836005
0.928573
0.666309
0.990363
1
-0.987597
-0.983441
0.999989
-0.549903
0.968726
0.745901
0.999997
1
-0.955778
-0.982102
0.999999
0.200317
0.974275
0.73003
1
1
-0.963204
-0.9956
1
0.223224
0.986872
0.801593
1
1
-0.800745
-0.988775
0.999996
0.993774
0.850812
0.166583
0.99994
1
-0.999953
-0.99997
1
-0.716416
0.998651
0.948332
1
1
0.860621
-0.394251
-0.999994
1
-1
-1
1
-0.952943
0.999712
0.980745
1
1
0.989194
0.528111
1
1
-0.93761
-0.998194
0.902692
-0.999999
0.988034
0.958178
0.999941
0.971104
0.739186
0.408334
0.999796
1
-0.976851
-0.9914
0.917941
-1
0.994156
0.977214
0.999346
0.89494
0.635498
0.377412
0.994979
1
-0.956555
-0.977272
-0.933265
-1
0.970389
0.95506
0.0383545
-0.0818678
-0.0953199
0.110936
0.869735
-1
0.991646
0.98039
-0.989639
-0.658123
-0.637294
-0.159563
-0.791503
-1
0.999961
0.999927
-0.999964
-0.936966
-0.886034
-0.385146
-0.999988
-1
0.999959
0.999979
-1
-0.986847
-0.967407
-0.580195
-1
-1
0.999152
0.999922
-1
-0.996216
-0.990233
-0.724299
-0.522671
-1
0.999992
0.999984
0.999854
0.884218
0.760368
0.515539
0.999955
1
-0.92637
-0.976963
0.284578
-1
0.981736
0.957451
0.9976
0.864642
0.515143
0.341702
0.99951
1
-0.767015
-0.909601
-0.993265
-0.99999
0.642092
0.703765
0.750617
-0.998462
0.829531
0.831686
-0.158808
-0.854038
0.164985
0.393703
0.667791
-1
0.993182
0.990316
-0.884764
0.14621
-0.560229
-0.150279
0.989181
-1
0.999773
0.998941
-0.99853
-0.294157
-0.838855
-0.388393
-0.9802
-1
0.99987
0.999833
-0.999987
-0.658623
-0.950615
-0.59383
-1
-1
0.998833
0.999771
-1
-0.793537
-0.980286
-0.714737
-1
-1
0.988363
0.999382
-1
-0.863981
-0.98839
-0.766408
-1
-1
0.954565
0.998811
-1
-0.936111
-0.987256
-0.737057
-1
-1
0.95535
0.998922
-1
-0.848781
-0.992318
-0.80859
-1
-1
0.777435
0.996349
-0.999993
-0.998629
-0.814853
-0.0126823
-0.961145
-1
0.999993
0.99999
-1
0.835535
-0.998419
-0.945807
-1
-1
-0.785477
0.374419
0.999999
-1
1
1
-1
0.996403
-0.998751
-0.967544
-1
-0.999999
-0.904291
-0.189079
-0.966727
-1
0.999947
0.999942
-0.999997
0.999967
-0.999135
-0.983355
-1
-0.999667
-0.932959
-0.513288
-0.99999
-1
0.991864
0.998045
-0.994951
1
-0.998197
-0.986652
-0.999715
-0.757039
-0.835529
-0.581912
-0.171336
-1
0.999698
0.999385
0.998727
0.999891
-0.309426
-0.53186
-0.716901
0.997601
-0.853523
-0.859265
0.678896
-0.999611
0.89538
0.732234
-0.684957
0.999726
-0.928054
-0.845225
0.977746
-0.999983
0.981989
0.916825
0.927063
0.999805
-0.713853
-0.699921
0.853994
-0.997201
0.864972
0.637975
-0.99928
0.999088
-0.986063
-0.924169
-0.649174
-0.999999
0.942352
0.884574
-0.787743
0.996888
-0.879125
-0.750754
0.301704
-0.999997
0.963403
0.900127
-0.960161
0.996307
-0.926263
-0.8016
-0.7185
-1
0.9513
0.902636
-0.982354
0.989462
-0.923911
-0.778148
-0.657488
-1
0.96305
0.921451
-0.974412
0.98816
-0.911751
-0.759535
-0.309919
-1
0.972338
0.932016
-0.919871
0.989899
-0.879134
-0.724669
0.551448
-0.999999
0.981003
0.939064
-0.672044
0.992658
-0.823647
-0.679402
0.88231
-0.999998
0.982207
0.931159
-0.474192
0.99379
-0.798868
-0.663592
0.919227
-0.999996
0.981259
0.924523
-0.585874
0.993119
-0.811363
-0.671116
0.870665
-0.999998
0.981435
0.929256
-0.800688
0.989956
-0.838273
-0.684424
0.622528
-0.999999
0.980566
0.936025
-0.950692
0.982571
-0.879705
-0.712342
-0.244914
-1
0.977235
0.941558
-0.990148
0.968159
-0.913879
-0.740824
-0.843286
-1
0.970928
0.942619
-0.996433
0.950704
-0.929068
-0.75378
-0.933649
-1
0.967506
0.943448
-0.996202
0.95002
-0.927405
-0.750522
-0.879533
-1
0.971015
0.945121
-0.988364
0.971195
-0.911849
-0.739714
-0.384465
-1
0.97753
0.944751
-0.909252
0.989268
-0.872271
-0.715517
0.723116
-0.999999
0.982166
0.938478
-0.313164
0.996575
-0.807193
-0.685836
0.94112
-0.999986
0.976652
0.905862
-0.021095
0.998677
-0.819918
-0.720263
0.94602
-0.999974
0.973008
0.892525
-0.0417067
0.999206
-0.844269
-0.75094
0.875721
-0.999978
0.965771
0.880895
-0.60288
0.999271
-0.897541
-0.798806
0.373922
-0.999993
0.954685
0.87832
-0.898072
0.999021
-0.930774
-0.829251
-0.558751
-0.999997
0.929507
0.858818
-0.975609
0.998402
-0.949996
-0.847228
-0.805195
-0.999997
0.909166
0.842624
-0.977982
0.998308
-0.950864
-0.847221
-0.616099
-0.999995
0.915992
0.840126
-0.928969
0.999423
-0.946904
-0.856455
0.151326
-0.999983
0.931512
0.838068
-0.498652
0.999889
-0.932735
-0.861761
0.866275
-0.999906
0.947381
0.833481
0.511378
0.99998
-0.916094
-0.86869
0.969327
-0.999506
0.948489
0.807758
0.623919
0.999994
-0.932335
-0.89475
0.969459
-0.999284
0.942986
0.791676
0.308041
0.999996
-0.953671
-0.916732
0.8844
-0.999428
0.91769
0.757346
-0.733476
0.999994
-0.976865
-0.939309
0.184505
-0.999656
0.850144
0.69222
-0.979586
0.999973
-0.985009
-0.943023
-0.515438
-0.999694
0.773433
0.629535
-0.993624
0.999858
-0.983547
-0.928956
-0.27915
-0.99958
0.791364
0.635263
-0.989831
0.999955
-0.986214
-0.942084
0.256978
-0.999047
0.812859
0.629635
-0.964255
0.999992
-0.987197
-0.952963
0.889139
-0.997229
0.875362
0.665281
-0.59377
1
-0.986467
-0.963584
0.992358
-0.991035
0.925713
0.708928
0.801773
1
-0.977813
-0.962818
0.999436
-0.971376
0.954629
0.743631
0.987579
1
-0.963813
-0.959095
0.999801
-0.929872
0.957814
0.731327
0.990022
1
-0.97069
-0.967398
0.999713
-0.936762
0.954047
0.723833
0.965016
1
-0.978656
-0.971333
0.998438
-0.965907
0.934316
0.692982
0.22427
1
-0.99025
-0.97795
0.964156
-0.988587
0.871788
0.622273
-0.978541
1
-0.996008
-0.981838
0.0847543
-0.996194
0.705989
0.497157
-0.999358
0.999954
-0.994324
-0.962284
-0.702743
-0.998497
0.605845
0.463885
-0.999352
0.998144
-0.98383
-0.906019
-0.166229
-0.999253
0.773176
0.610932
-0.998032
0.999962
-0.992269
-0.956447
-0.625099
-0.998979
0.664912
0.519844
-0.992735
0.999524
-0.976133
-0.899883
0.934827
-0.998709
0.913797
0.742748
-0.240146
0.999999
-0.980136
-0.952674
0.978664
-0.996651
0.921383
0.731945
0.748946
1
-0.965646
-0.94206
0.998479
-0.993726
0.959182
0.792251
0.990223
1
-0.918211
-0.915205
0.99923
-0.979669
0.954284
0.755499
0.968136
1
-0.944503
-0.931436
0.998724
-0.99458
0.962916
0.804649
0.976022
0.999999
-0.913365
-0.900921
0.989371
-0.996147
0.934257
0.751224
-0.235176
0.999997
-0.970412
-0.932644
0.679897
-0.999819
0.913486
0.786138
-0.853673
0.999955
-0.967247
-0.906776
-0.676815
-0.999968
0.851538
0.762341
-0.990889
0.998762
-0.966536
-0.869159
-0.899969
-0.999994
0.860002
0.803133
-0.994224
0.995681
-0.959
-0.836689
-0.884867
-0.999998
0.897568
0.84764
-0.98901
0.996273
-0.951771
-0.82562
-0.690952
-0.999998
0.932531
0.880368
-0.920458
0.997956
-0.923336
-0.793274
0.59176
-0.999997
0.969803
0.915904
0.0753542
0.999183
-0.834969
-0.723399
0.97335
-0.999973
0.977671
0.909458
0.701297
0.999359
-0.754394
-0.670103
0.989424
-0.999819
0.97186
0.877426
0.311388
0.999118
-0.805627
-0.697473
0.985681
-0.999979
0.983085
0.92365
0.33685
0.997488
-0.742983
-0.619927
0.954053
-0.999975
0.974102
0.903639
-0.936205
0.990746
-0.892564
-0.719152
0.087563
-1
0.982418
0.954658
-0.991634
0.952833
-0.910895
-0.701837
-0.862417
-1
0.979127
0.962454
-0.999577
0.832202
-0.949351
-0.741434
-0.997918
-1
0.967239
0.967601
-0.999908
0.526085
-0.956045
-0.729115
-0.999915
-1
0.974549
0.984345
-0.99994
0.418425
-0.958505
-0.728979
-0.999973
-1
0.975875
0.987544
-0.999918
0.456111
-0.955473
-0.721612
-0.999898
-1
0.980394
0.987773
-0.999716
0.67591
-0.945232
-0.710409
-0.994747
-1
0.98496
0.983283
-0.997053
0.882527
-0.916841
-0.68145
-0.23781
-1
0.991405
0.979103
-0.89504
0.974012
-0.835508
-0.617446
0.984353
-1
0.99439
0.972332
0.550612
0.994738
-0.646435
-0.517993
0.998129
-0.999618
0.979864
0.891718
0.421984
0.99891
-0.780815
-0.663485
0.997866
-0.999947
0.987935
0.931746
0.938554
0.999353
-0.611382
-0.570239
0.990075
-0.989279
0.913999
0.701731
-0.992703
0.999643
-0.978222
-0.902558
0.430428
-0.999998
0.968746
0.92178
0.426445
0.999272
-0.802094
-0.68739
0.910455
-0.999926
0.955735
0.865836
-0.945086
0.999415
-0.952414
-0.847209
-0.747162
-0.999998
0.917189
0.868788
-0.978244
0.997714
-0.948473
-0.818111
-0.801281
-0.999998
0.910316
0.864226
-0.98636
0.998194
-0.958417
-0.83919
-0.825526
-0.999996
0.891353
0.842855
-0.957687
0.99884
-0.947314
-0.826019
0.190167
-0.999985
0.933328
0.861442
-0.522175
0.999901
-0.938318
-0.850916
0.858195
-0.999894
0.942771
0.846008
0.64117
0.999984
-0.914174
-0.851825
0.986514
-0.999154
0.952374
0.829026
0.900728
0.999997
-0.91394
-0.87263
0.993615
-0.997355
0.948388
0.80274
0.879966
0.999999
-0.936525
-0.899755
0.990014
-0.997281
0.940071
0.788312
0.658547
0.999999
-0.958247
-0.920296
0.944147
-0.998151
0.907289
0.748974
-0.586129
0.999998
-0.979877
-0.940849
0.371535
-0.999003
0.818793
0.673436
-0.968972
0.999979
-0.984454
-0.934399
-0.331312
-0.999216
0.739911
0.620073
-0.987144
0.999846
-0.979664
-0.907923
0.0942904
-0.999065
0.788045
0.651759
-0.978967
0.999974
-0.985629
-0.935387
0.279167
-0.997991
0.769579
0.614184
-0.94027
0.999986
-0.982941
-0.933372
0.934419
-0.994735
0.870391
0.681568
-0.246967
1
-0.984511
-0.956562
0.994286
-0.98248
0.915572
0.71093
0.891269
1
-0.97639
-0.957473
0.99967
-0.946523
0.95264
0.756325
0.997175
1
-0.954324
-0.950931
0.999935
-0.836205
0.960603
0.751463
0.999598
1
-0.950685
-0.959818
0.999962
-0.777912
0.963571
0.753263
0.999861
1
-0.942973
-0.960414
0.999957
-0.780469
0.962217
0.749524
0.999786
1
-0.942476
-0.957981
0.999918
-0.884712
0.961792
0.76397
0.99914
1
-0.929693
-0.938392
0.999701
-0.950671
0.955091
0.765094
0.988929
1
-0.940099
-0.926495
0.997717
-0.993235
0.951138
0.79699
0.88691
0.999999
-0.939606
-0.90149
0.942832
-0.999236
0.926076
0.797576
-0.641717
0.999978
-0.96419
-0.897819
-0.483195
-0.999965
0.869206
0.798766
-0.982342
0.998658
-0.958989
-0.836552
-0.88324
-0.999997
0.887243
0.8531
-0.995878
0.99221
-0.957817
-0.804413
-0.949755
-1
0.912206
0.893208
-0.996722
0.98133
-0.949923
-0.769847
-0.863242
-1
0.955668
0.934381
-0.989016
0.984984
-0.931104
-0.738053
0.00534906
-1
0.982102
0.959965
-0.838879
0.987604
-0.847956
-0.627977
0.988387
-1
0.995035
0.976411
0.42943
0.9871
-0.60644
-0.422477
0.999686
-0.99992
0.992533
0.948279
0.569601
0.982249
-0.535079
-0.361512
0.999875
-0.999797
0.992782
0.944114
0.346104
0.956395
-0.508048
-0.302207
0.999904
-0.999942
0.99533
0.960979
-0.383751
0.823384
-0.535927
-0.250311
0.999812
-0.999999
0.998454
0.987117
-0.920656
0.255253
-0.619669
-0.223734
0.985011
-1
0.999766
0.998869
-0.998035
-0.572271
-0.788663
-0.302743
-0.970326
-1
0.99996
0.999943
-0.999977
-0.905194
-0.912228
-0.439463
-0.999994
-1
0.999937
0.999973
-0.999999
-0.973769
-0.955058
-0.525257
-1
-1
0.999789
0.999962
-1
-0.98964
-0.973019
-0.585114
-1
-1
0.999324
0.999936
-1
-0.994029
-0.9822
-0.635546
-1
-1
0.997923
0.999886
-1
-0.995018
-0.987604
-0.683414
-1
-1
0.993503
0.999783
-1
-0.994326
-0.990827
-0.725918
-1
-1
0.980511
0.999576
-1
-0.992599
-0.992079
-0.748968
-1
-1
0.956209
0.999264
-1
-0.989718
-0.991606
-0.748805
-1
-1
0.931157
0.99891
-1
-0.977448
-0.991157
-0.759533
-1
-1
0.868544
0.998042
-1
-0.977313
-0.979796
-0.649433
-1
-1
0.962862
0.998851
-1
0.653825
-0.998086
-0.936168
-1
-1
-0.842371
0.385036
1
-1
1
1
-1
0.999313
-0.999462
-0.982608
-1
-0.999986
-0.97043
-0.561581
-1
-1
0.968018
0.997254
-0.999997
0.999995
-0.999503
-0.989861
-1
-0.989341
-0.982926
-0.807556
-1
-1
-0.0923827
0.931006
1
-1
0.999995
0.999715
-0.961444
1
-0.999568
-0.997087
-0.99888
0.993262
-0.968677
-0.908995
0.541586
-0.744026
0.417358
0.0402825
-1
0.999998
-0.999871
-0.996941
-0.762722
-0.660748
-0.119282
-0.267894
-0.999983
0.232777
-0.966737
-0.795249
0.623449
-0.99998
0.947711
0.884205
0.964996
1
-0.982853
-0.978411
0.726137
0.149251
0.228443
-0.1891
-0.999909
1
-0.999897
-0.999241
0.824503
0.302471
0.26137
-0.188923
-0.999664
1
-0.999945
-0.999652
0.957464
0.614702
0.373907
-0.167659
-0.998589
1
-0.999991
-0.999952
0.994591
0.825882
0.535965
-0.110637
-0.995467
1
-0.999999
-0.999994
0.999652
0.93281
0.71534
-0.00858996
-0.945121
1
-1
-0.999999
0.99999
0.976898
0.865623
0.150072
0.895474
1
-0.999999
-0.999999
1
0.991846
0.9481
0.340684
0.999992
1
-0.999991
-0.999996
1
0.995847
0.976914
0.487821
1
1
-0.999856
-0.999982
1
0.996825
0.988701
0.607624
1
1
-0.998022
-0.999924
1
0.996465
0.994094
0.705613
1
1
-0.979399
-0.999701
1
0.996513
0.995701
0.743195
1
1
-0.921274
-0.999305
1
0.998575
0.99322
0.656803
1
1
-0.961369
-0.99951
