0.997555
0.943136
0.906024
0.630872
0.93173
-0.761491
0.165933
-0.728977
-1
0.999704
-0.999964
-0.927502
0.996367
-0.873825
0.997674
0.981507
0.999291
0.999742
0.0864886
-0.513987
-0.999904
-0.795987
-0.943383
-0.523016
0.999995
0.999368
0.999148
0.994677
0.999885
-0.852118
0.950822
-0.255474
-1
0.999868
-1
-0.99691
0.604132
-0.869341
0.987441
0.980748
0.982332
0.99973
-0.2945
-0.367975
-0.0302453
-0.85726
0.895847
0.860472
0.565032
0.999715
-0.669517
-0.295527
0.999719
-0.894433
0.999588
0.99334
-0.399544
0.999772
-0.845401
-0.349663
0.999227
-0.901758
0.999744
0.997517
-0.988861
0.999787
-0.963791
-0.371697
0.999992
-0.917621
0.999751
0.983686
-0.548878
0.99978
-0.984031
-0.938914
-0.960699
-0.885521
0.594243
0.806485
0.956226
0.999671
-0.58984
-0.593444
-0.960278
-0.88201
0.181936
0.462176
0.973143
0.99963
-0.0393464
-0.0123599
-0.510713
-0.883163
0.136642
-0.134203
-0.999988
0.999741
-0.999101
-0.857917
-0.563197
-0.899468
0.863664
0.867376
-0.493727
0.999723
-0.976864
-0.91515
-0.863586
-0.896505
0.719949
0.80408
0.771839
0.999692
-0.879342
-0.824534
-0.420373
-0.898183
0.801895
0.758823
0.105262
0.999714
-0.964055
-0.914646
0.134337
-0.901141
0.884655
0.803756
0.514964
0.999719
-0.962773
-0.938311
0.558332
-0.902612
0.911535
0.790963
0.678148
0.99972
-0.962736
-0.949749
0.815776
-0.905194
0.935994
0.78748
0.767925
0.999719
-0.963063
-0.957404
0.894979
-0.908316
0.947004
0.783646
0.792252
0.999716
-0.964251
-0.961234
0.907806
-0.912032
0.949062
0.780172
0.742302
0.99971
-0.968199
-0.963138
0.873132
-0.916303
0.943267
0.778209
0.578802
0.999701
-0.973861
-0.963443
0.735572
-0.920934
0.926408
0.776069
0.24274
0.999689
-0.979127
-0.961549
0.336933
-0.925718
0.892275
0.772186
-0.103023
0.999671
-0.981001
-0.95502
-0.241563
-0.930567
0.843023
0.768147
-0.173538
0.999647
-0.97692
-0.940648
-0.538481
-0.935501
0.807905
0.768662
-0.0879649
0.999621
-0.969982
-0.925205
-0.584937
-0.940323
0.806489
0.773872
-0.0491831
0.999601
-0.967465
-0.921124
-0.494827
-0.944812
0.828898
0.781894
0.0197115
0.999583
-0.96748
-0.926196
-0.240142
-0.94898
0.86495
0.791148
0.167422
0.999566
-0.967434
-0.93508
0.178322
-0.952917
0.90259
0.801027
0.397429
0.999546
-0.964855
-0.942487
0.549671
-0.956674
0.930468
0.80964
0.610477
0.99952
-0.959098
-0.945936
0.724635
-0.960266
0.945192
0.815057
0.71367
0.999487
-0.953295
-0.946116
0.757778
-0.963737
0.949638
0.818741
0.707512
0.999446
-0.951619
-0.944245
0.679856
-0.967132
0.946505
0.824004
0.584258
0.999396
-0.954851
-0.940467
0.420116
-0.970412
0.93532
0.831454
0.3029
0.999335
-0.960289
-0.933824
-0.0833783
-0.973501
0.914548
0.839785
-0.0385218
0.99926
-0.963131
-0.921972
-0.527353
-0.976354
0.890146
0.848673
-0.228384
0.999171
-0.960656
-0.904254
-0.700816
-0.978956
0.878872
0.858991
-0.294701
0.999075
-0.95652
-0.888847
-0.717401
-0.981268
0.886962
0.870123
-0.282986
0.998979
-0.953208
-0.882748
-0.630577
-0.983264
0.906531
0.880131
-0.133136
0.998879
-0.947044
-0.882501
-0.400954
-0.984982
0.929337
0.887605
0.174563
0.998771
-0.934297
-0.883276
-0.045564
-0.986461
0.947393
0.891172
0.505923
0.998648
-0.913187
-0.88141
0.222225
-0.987738
0.956238
0.889269
0.683596
0.998508
-0.890728
-0.876635
0.291915
-0.98889
0.957883
0.885086
0.715039
0.998349
-0.879328
-0.870385
0.229938
-0.990008
0.957437
0.886644
0.639531
0.998165
-0.881899
-0.862801
0.0608442
-0.991095
0.956573
0.895769
0.422036
0.997955
-0.895395
-0.853792
-0.193218
-0.992117
0.955374
0.909401
0.0249089
0.997716
-0.914026
-0.843952
-0.451551
-0.993036
0.954124
0.92338
-0.393672
0.997453
-0.930296
-0.833785
-0.624986
-0.993827
0.953815
0.934672
-0.636481
0.997169
-0.939825
-0.823719
-0.689253
-0.99449
0.956394
0.942829
-0.719895
0.996871
-0.942098
-0.814825
-0.65422
-0.995039
0.962403
0.948471
-0.690851
0.996563
-0.936516
-0.807131
-0.499912
-0.995492
0.97014
0.951913
-0.522007
0.996243
-0.920119
-0.798839
-0.212663
-0.99586
0.97678
0.952662
-0.160688
0.995908
-0.889122
-0.788329
0.052054
-0.996149
0.979698
0.949133
0.22786
0.99556
-0.849166
-0.777045
0.110249
-0.996378
0.978234
0.941048
0.400643
0.995205
-0.82212
-0.768551
0.0512421
-0.996602
0.975738
0.934863
0.371846
0.994837
-0.820103
-0.763521
-0.00786269
-0.996847
0.975707
0.93662
0.182728
0.994452
-0.837897
-0.761086
-0.0855529
-0.997096
0.977324
0.944116
-0.156309
0.994053
-0.867214
-0.760988
-0.201278
-0.997329
0.979133
0.953137
-0.518442
0.993652
-0.897384
-0.762885
-0.355741
-0.99753
0.979935
0.960257
-0.749028
0.993261
-0.920283
-0.765568
-0.501284
-0.99769
0.979675
0.964512
-0.849862
0.992889
-0.933576
-0.767858
-0.584905
-0.997814
0.979242
0.966488
-0.878838
0.992548
-0.938172
-0.769527
-0.586844
-0.997907
0.979581
0.966876
-0.859737
0.992247
-0.934768
-0.77094
-0.496849
-0.997973
0.980913
0.965875
-0.770727
0.99199
-0.922125
-0.772144
-0.309758
-0.998014
0.982524
0.963005
-0.532652
0.991776
-0.897256
-0.772976
-0.097462
-0.998028
0.982897
0.956726
-0.104701
0.991607
-0.860266
-0.774398
-0.0158974
-0.998015
0.980123
0.944561
0.275573
0.991487
-0.824903
-0.779071
-0.0797423
-0.99799
0.974083
0.927607
0.44138
0.991412
-0.809382
-0.787865
-0.139773
-0.997981
0.968942
0.914324
0.47147
0.991357
-0.812887
-0.79873
-0.178797
-0.997991
0.966319
0.908409
0.416684
0.991305
-0.828485
-0.809855
-0.234284
-0.998012
0.965005
0.908183
0.284233
0.991254
-0.850752
-0.820354
-0.315471
-0.998037
0.964013
0.911163
0.0912956
0.991208
-0.874111
-0.829994
-0.415044
-0.99806
0.962478
0.914495
-0.10601
0.991176
-0.893551
-0.838588
-0.503972
-0.998076
0.960272
0.916103
-0.233464
0.991162
-0.905883
-0.846053
-0.549909
-0.99808
0.958147
0.915015
-0.248171
0.991174
-0.910241
-0.852752
-0.53336
-0.998073
0.957139
0.910974
-0.138595
0.991216
-0.907166
-0.859415
-0.448614
-0.998054
0.95742
0.903709
0.0756189
0.991288
-0.898136
-0.866586
-0.310002
-0.998026
0.958042
0.892836
0.314279
0.991386
-0.886669
-0.874475
-0.155708
-0.997992
0.958151
0.879049
0.485578
0.991498
-0.87847
-0.883044
-0.0174846
-0.997961
0.958128
0.865586
0.568507
0.99161
-0.877501
-0.891734
0.0830981
-0.997939
0.958395
0.856129
0.579769
0.991701
-0.883698
-0.899584
0.117639
-0.99793
0.958219
0.851638
0.522703
0.991761
-0.895454
-0.905999
0.0695995
-0.997931
0.956782
0.851291
0.389334
0.991787
-0.910175
-0.910878
-0.0587614
-0.997939
0.953507
0.853131
0.189289
0.991786
-0.924473
-0.914324
-0.227574
-0.99795
0.948519
0.854908
-0.0121515
0.991765
-0.935172
-0.916512
-0.361953
-0.99796
0.943435
0.855136
-0.127535
0.991736
-0.940716
-0.917977
-0.401807
-0.997968
0.941194
0.853563
-0.116617
0.991713
-0.941323
-0.91977
-0.321927
-0.997973
0.94367
0.850492
0.0165981
0.991706
-0.937838
-0.922637
-0.12451
-0.997976
0.949588
0.845877
0.225876
0.991706
-0.93134
-0.926287
0.12534
-0.997979
0.955732
0.839414
0.415525
0.9917
-0.924439
-0.930023
0.32211
-0.997985
0.959902
0.832071
0.515922
0.991673
-0.92105
-0.933403
0.419623
-0.997999
0.961818
0.826723
0.52138
0.991609
-0.923082
-0.936041
0.414895
-0.998025
0.961476
0.825158
0.433574
0.991496
-0.929827
-0.937665
0.302799
-0.998061
0.958574
0.826874
0.248537
0.991332
-0.938974
-0.938178
0.0895682
-0.998104
0.953053
0.830207
0.0109969
0.991121
-0.947193
-0.93748
-0.151704
-0.99815
0.946128
0.833429
-0.169039
0.990873
-0.951725
-0.935633
-0.302357
-0.998196
0.94129
0.835919
-0.214751
0.990605
-0.951609
-0.933415
-0.303531
-0.998242
0.942127
0.83783
-0.115585
0.99034
-0.947074
-0.932012
-0.155516
-0.998286
0.948308
0.838846
0.10372
0.990077
-0.93829
-0.931654
0.0819437
-0.998328
0.955768
0.837718
0.34929
0.989804
-0.926507
-0.931659
0.284635
-0.998368
0.960904
0.833862
0.507175
0.989503
-0.916114
-0.931582
0.38385
-0.998412
0.963171
0.830058
0.555718
0.989155
-0.911285
-0.931081
0.379311
-0.998463
0.963282
0.830023
0.51341
0.988734
-0.912496
-0.929627
0.267216
-0.998521
0.961313
0.834399
0.379773
0.988231
-0.918311
-0.926917
0.0525083
-0.998584
0.957431
0.842141
0.1713
0.987646
-0.925489
-0.92275
-0.20582
-0.998648
0.952375
0.851113
-0.0361046
0.986989
-0.93037
-0.917099
-0.401918
-0.99871
0.948242
0.859549
-0.149215
0.986285
-0.93041
-0.910457
-0.482019
-0.998768
0.947557
0.866481
-0.130611
0.985563
-0.924583
-0.903904
-0.451936
-0.99882
0.950833
0.871212
0.0165665
0.98484
-0.912101
-0.898096
-0.339596
-0.998866
0.955716
0.872549
0.243925
0.984112
-0.892672
-0.892729
-0.206255
-0.998906
0.959167
0.869322
0.44891
0.983369
-0.869398
-0.887408
-0.118775
-0.998942
0.960147
0.862742
0.569622
0.982595
-0.848427
-0.881953
-0.0895721
-0.998978
0.95987
0.857239
0.619185
0.981756
-0.83291
-0.875705
0.96652
-0.954939
0.990067
0.942894
0.998994
0.999452
-0.0340777
-0.630548
-0.999831
-0.938858
-0.90512
-0.487306
0.999998
0.999061
0.999218
0.992159
0.999967
-0.956313
0.968755
-0.381177
-1
0.999772
-1
-0.998899
0.928119
-0.962001
0.993473
0.973994
0.997015
0.99945
-0.091033
-0.527794
-0.998635
-0.946802
-0.596345
0.0197428
1
0.998962
0.999851
0.994596
0.999046
-0.957741
0.921086
-0.283647
-1
0.999742
-1
-0.996971
-0.637046
-0.963113
0.972515
0.978552
0.698025
0.999429
-0.635058
-0.39084
0.982331
-0.967978
0.997366
0.983906
-0.585001
0.999455
-0.86693
-0.442299
0.994648
-0.971801
0.99946
0.99612
-0.982248
0.999472
-0.955555
-0.443094
0.999986
-0.996184
0.999871
0.986847
0.176773
0.99682
-0.925824
-0.893009
-0.880813
-0.994565
0.872101
0.859133
-0.48943
0.996799
-0.944498
-0.868235
-0.809443
-0.99467
0.904585
0.879537
-0.664634
0.996866
-0.960489
-0.891225
-0.833774
-0.994601
0.896809
0.875366
-0.44972
0.996882
-0.950705
-0.889383
-0.667994
-0.994528
0.915934
0.868451
-0.146624
0.996958
-0.945484
-0.903664
-0.235012
-0.994428
0.938754
0.860754
0.381764
0.997035
-0.930675
-0.916042
0.368553
-0.994305
0.955762
0.846944
0.7349
0.997103
-0.911619
-0.925758
0.691107
-0.994179
0.963587
0.826905
0.847237
0.99716
-0.901966
-0.933603
0.813586
-0.994107
0.967646
0.812617
0.869217
0.997192
-0.903942
-0.939323
0.844342
-0.994107
0.969097
0.808445
0.839907
0.997192
-0.91431
-0.942604
0.801972
-0.99417
0.96681
0.811413
0.712619
0.997164
-0.932037
-0.94412
0.623133
-0.994283
0.959253
0.81937
0.349173
0.99711
-0.95154
-0.943933
0.112759
-0.994417
0.941164
0.825998
-0.239302
0.997029
-0.965895
-0.940834
-0.522483
-0.99455
0.909333
0.828334
-0.549596
0.996914
-0.969701
-0.931438
-0.773564
-0.994681
0.880265
0.829042
-0.574006
0.99679
-0.965763
-0.919003
-0.792993
-0.994812
0.878589
0.831689
-0.49168
0.99671
-0.961701
-0.915913
-0.663931
-0.99493
0.900851
0.835742
-0.253962
0.99667
-0.956542
-0.921773
-0.249546
-0.995034
0.931851
0.839511
0.23653
0.996639
-0.944046
-0.928843
0.381953
-0.995122
0.955656
0.838828
0.685963
0.996589
-0.920666
-0.932545
0.704481
-0.99519
0.965679
0.827443
0.843216
0.996522
-0.899692
-0.934298
0.799876
-0.995279
0.968624
0.814947
0.872965
0.996431
-0.892705
-0.935118
0.814948
-0.995427
0.969639
0.81445
0.856348
0.996295
-0.894267
-0.933467
0.738659
-0.995616
0.966811
0.820841
0.75297
0.996117
-0.908177
-0.929931
0.509694
-0.995846
0.961013
0.837039
0.466152
0.99589
-0.92675
-0.92369
-0.0348456
-0.996086
0.948139
0.854138
-0.0921849
0.995623
-0.944684
-0.914221
-0.594676
-0.996322
0.928947
0.869907
-0.508166
0.995314
-0.952746
-0.898989
-0.820394
-0.996536
0.91219
0.882137
-0.653101
0.994994
-0.952404
-0.88078
-0.862778
-0.99673
0.911895
0.892979
-0.671239
0.994715
-0.949225
-0.869703
-0.82274
-0.996896
0.92583
0.902018
-0.559435
0.994479
-0.941087
-0.866344
-0.661467
-0.997029
0.945011
0.907762
-0.186466
0.994264
-0.919947
-0.864565
-0.285268
-0.997128
0.960629
0.907486
0.41351
0.994046
-0.876043
-0.85981
0.0592055
-0.997181
0.965187
0.894009
0.748131
0.99383
-0.820043
-0.85322
0.114283
-0.997207
0.959459
0.867092
0.830593
0.993625
-0.787561
-0.848393
0.16973
-0.997274
0.957764
0.853445
0.853363
0.993383
-0.768905
-0.842367
0.125366
-0.997366
0.955909
0.849949
0.8331
0.993089
-0.765833
-0.83257
0.0406067
-0.997488
0.95666
0.860752
0.768125
0.992735
-0.773853
-0.818224
-0.11451
-0.997627
0.958135
0.879936
0.593233
0.992337
-0.798861
-0.800843
-0.242357
-0.997785
0.963764
0.907399
0.206257
0.991918
-0.837508
-0.784171
-0.363887
-0.997947
0.970548
0.934007
-0.378873
0.991518
-0.88227
-0.771375
-0.485239
-0.998093
0.976222
0.954063
-0.776629
0.991165
-0.918346
-0.762304
-0.618887
-0.998205
0.978988
0.96576
-0.919577
0.990875
-0.94077
-0.754424
-0.71666
-0.998283
0.98016
0.972098
-0.962169
0.990659
-0.952559
-0.746854
-0.759372
-0.998332
0.981212
0.975668
-0.974828
0.990533
-0.957501
-0.74028
-0.751342
-0.998357
0.982776
0.977719
-0.976181
0.990506
-0.957538
-0.735401
-0.687523
-0.998359
0.984824
0.978734
-0.968275
0.990579
-0.952838
-0.732179
-0.541993
-0.998338
0.987064
0.978852
-0.942006
0.990743
-0.942085
-0.730089
-0.290074
-0.998294
0.989043
0.97793
-0.865061
0.990984
-0.922851
-0.728713
0.00762409
-0.998224
0.990166
0.9754
-0.665588
0.99129
-0.893654
-0.728613
0.196716
-0.998122
0.989751
0.970143
-0.320996
0.991649
-0.859594
-0.731853
0.201459
-0.997989
0.987175
0.961247
-0.0192676
0.992053
-0.835848
-0.74071
0.0893416
-0.997841
0.982914
0.950811
0.0960204
0.992483
-0.833552
-0.75459
-0.0260634
-0.997698
0.979067
0.943585
0.0609823
0.992918
-0.848076
-0.770876
-0.134171
-0.997558
0.976206
0.940522
-0.0692585
0.993348
-0.870319
-0.787737
-0.256146
-0.997412
0.973432
0.939506
-0.232021
0.993769
-0.892277
-0.80388
-0.381094
-0.997247
0.969965
0.9382
-0.353046
0.994181
-0.908511
-0.818347
-0.47266
-0.997054
0.965853
0.935105
-0.382151
0.994583
-0.916938
-0.830893
-0.499352
-0.996826
0.962062
0.929603
-0.296231
0.994975
-0.917856
-0.842249
-0.449106
-0.996558
0.959502
0.921336
-0.0909095
0.995357
-0.912774
-0.853512
-0.328192
-0.996246
0.957989
0.909816
0.179302
0.995725
-0.904734
-0.865382
-0.168813
-0.995892
0.956601
0.895049
0.402094
0.996076
-0.898984
-0.878011
-0.0127394
-0.995506
0.955132
0.879094
0.519821
0.996403
-0.900274
-0.890944
0.111335
-0.995104
0.953998
0.865602
0.544077
0.996699
-0.909028
-0.903158
0.171936
-0.994696
0.952439
0.856169
0.48585
0.996962
-0.922599
-0.913732
0.142815
-0.99428
0.948838
0.849602
0.340701
0.997193
-0.937588
-0.922312
0.0225148
-0.993849
0.941901
0.843655
0.130538
0.997396
-0.950562
-0.928838
-0.141792
-0.993395
0.931735
0.836294
-0.0596259
0.997575
-0.959353
-0.933516
-0.254376
-0.992911
0.921697
0.827013
-0.147415
0.997738
-0.964026
-0.937398
-0.236483
-0.992399
0.917664
0.816883
-0.120535
0.997892
-0.966185
-0.942208
-0.0535022
-0.991863
0.922731
0.807276
-0.000535043
0.998039
-0.967163
-0.9485
0.260584
-0.99131
0.933956
0.798756
0.175834
0.998175
-0.967417
-0.955051
0.558688
-0.990753
0.945451
0.790856
0.33907
0.998294
-0.967562
-0.960577
0.734304
-0.990205
0.953382
0.783037
0.424751
0.998394
-0.968761
-0.964791
0.807897
-0.989685
0.956952
0.775592
0.410269
0.998477
-0.971667
-0.96791
0.819167
-0.98921
0.956361
0.768874
0.288092
0.998543
-0.975856
-0.970138
0.779422
-0.988787
0.951552
0.762555
0.0656567
0.998595
-0.980233
-0.971543
0.68005
-0.988418
0.942521
0.756167
-0.185271
0.998633
-0.983645
-0.972063
0.529517
-0.988104
0.930961
0.750175
-0.355849
0.99866
-0.985448
-0.971699
0.402763
-0.98785
0.921921
0.746357
-0.401723
0.998679
-0.985677
-0.970896
0.395739
-0.987663
0.921306
0.746536
-0.330312
0.998693
-0.984708
-0.970441
0.519213
-0.987546
0.929869
0.750965
-0.148259
0.998704
-0.982671
-0.970531
0.685812
-0.987497
0.942444
0.758133
0.114074
0.998708
-0.979374
-0.970563
0.80543
-0.987514
0.95326
0.765722
0.355645
0.998703
-0.975133
-0.97001
0.860485
-0.9876
0.959595
0.772172
0.487171
0.998688
-0.971369
-0.968798
0.866454
-0.987762
0.961211
0.777875
0.494696
0.998662
-0.969684
-0.966949
0.821749
-0.988006
0.958254
0.784153
0.377644
0.998624
-0.970508
-0.96429
0.681924
-0.988326
0.949989
0.791425
0.136033
0.998574
-0.972767
-0.960327
0.360781
-0.988703
0.935359
0.799338
-0.13572
0.998509
-0.974148
-0.954027
-0.0806384
-0.989119
0.916961
0.808195
-0.276329
0.998429
-0.972314
-0.944412
-0.358669
-0.989564
0.905404
0.81925
-0.254217
0.998343
-0.967015
-0.933397
-0.399783
-0.990021
0.909284
0.832388
-0.118722
0.998263
-0.959767
-0.925146
-0.260857
-0.990464
0.924217
0.845738
0.116654
0.998187
-0.949803
-0.919764
-0.0104267
-0.99088
0.940304
0.856808
0.387881
0.998107
-0.935361
-0.91437
0.205233
-0.991264
0.950797
0.863667
0.569106
0.998019
-0.918835
-0.907271
0.277922
-0.991633
0.954794
0.867663
0.622393
0.99792
-0.906854
-0.898338
0.213337
-0.99202
0.95495
0.873625
0.56696
0.997809
-0.903213
-0.887425
0.038886
-0.99244
0.953478
0.884212
0.395666
0.997684
-0.907255
-0.874324
-0.199246
-0.99288
0.95174
0.898409
0.103395
0.997549
-0.915937
-0.859435
-0.415967
-0.993316
0.95124
0.913674
-0.22407
0.997411
-0.925056
-0.843825
-0.548029
-0.993723
0.953314
0.927552
-0.458647
0.997275
-0.931158
-0.828741
-0.583052
-0.994081
0.958454
0.938835
-0.562659
0.997147
-0.932185
-0.814735
-0.520137
-0.994383
0.965765
0.947394
-0.550904
0.99703
-0.926455
-0.800945
-0.346396
-0.994629
0.973376
0.953442
-0.426964
0.996922
-0.912259
-0.785716
-0.0890841
-0.994819
0.97935
0.957047
-0.21727
0.996823
-0.890203
-0.768346
0.128912
-0.994959
0.982708
0.958388
-0.0431717
0.996734
-0.868351
-0.750564
0.226184
-0.995071
0.984106
0.959023
-0.0348922
0.996659
-0.860106
-0.735366
0.242693
-0.995189
0.985233
0.961773
-0.223999
0.996601
-0.871215
-0.724565
0.213123
-0.995326
0.986788
0.967237
-0.534596
0.99656
-0.89587
-0.718682
0.108704
-0.995457
0.988019
0.973193
-0.795145
0.996543
-0.923533
-0.717398
-0.11225
-0.995547
0.988062
0.977642
-0.924452
0.996553
-0.946378
-0.719599
-0.413154
-0.995574
0.986529
0.980141
-0.971258
0.996592
-0.961874
-0.723634
-0.664273
-0.99553
0.983502
0.981104
-0.986543
0.996662
-0.970992
-0.728283
-0.804697
-0.995416
0.979514
0.981016
-0.991489
0.996764
-0.975721
-0.733754
-0.867907
-0.995229
0.975298
0.980114
-0.992517
0.996899
-0.977536
-0.741147
-0.88987
-0.994959
0.971513
0.97839
-0.990739
0.997064
-0.977004
-0.751268
-0.882788
-0.994596
0.968921
0.975697
-0.983507
0.997252
-0.973809
-0.764341
-0.834568
-0.994126
0.96845
0.971783
-0.956363
0.997457
-0.9664
-0.77999
-0.686447
-0.993532
0.970676
0.966177
-0.828541
0.997667
-0.95067
-0.796975
-0.306616
-0.992788
0.97453
0.957565
-0.255735
0.997875
-0.9181
-0.813621
0.187406
-0.991832
0.975572
0.941086
0.570065
0.998074
-0.868112
-0.831201
0.348732
-0.990591
0.967093
0.906294
0.819825
0.998267
-0.842464
-0.854179
0.406123
-0.98928
0.956588
0.866984
0.850941
0.998447
-0.85905
-0.879723
0.557536
-0.988122
0.957361
0.851897
0.834615
0.998599
-0.886311
-0.901408
0.56702
-0.986969
0.954948
0.84388
0.723257
0.998728
-0.919946
-0.917824
0.425045
-0.985821
0.947206
0.840733
0.407856
0.998836
-0.949376
-0.929706
0.000450407
-0.984578
0.924447
0.831874
-0.122376
0.998925
-0.968072
-0.93611
-0.506686
-0.983186
0.879986
0.813444
-0.403815
0.998994
-0.97367
-0.93429
-0.717412
-0.981667
0.832277
0.788924
-0.391402
0.999055
-0.972269
-0.92977
-0.702151
-0.980048
0.816742
0.764421
-0.349618
0.999128
-0.974228
-0.936939
-0.479251
-0.978298
0.838107
0.74262
-0.303164
0.99921
-0.979651
-0.953509
0.144623
-0.976461
0.88597
0.726802
-0.152571
0.99929
-0.984324
-0.969522
0.792635
-0.974647
0.934773
0.718708
0.270333
0.999354
-0.984796
-0.978889
0.971208
-0.972942
0.966081
0.715107
0.746159
0.999399
-0.980027
-0.982898
0.995763
-0.971397
0.981657
0.710822
0.938053
0.999427
-0.969595
-0.984372
0.999153
-0.970085
0.988921
0.703252
0.984727
0.999445
-0.952504
-0.984703
0.999775
-0.969107
0.992618
0.69318
-0.999898
0.999571
-0.999677
-0.98474
-0.983991
-0.961207
0.524595
0.776154
0.987187
0.999352
-0.267258
-0.485428
-0.999375
-0.950724
-0.824236
-0.400738
0.995782
0.99919
0.928703
0.91974
0.916172
-0.952048
-0.0928661
-0.890638
-1
0.99968
-0.999998
-0.977374
-0.852744
-0.956453
0.75067
0.785628
0.682444
0.999499
-0.907528
-0.86872
-0.327918
-0.954951
0.840991
0.756837
-0.185113
0.999554
-0.974916
-0.937465
0.124656
-0.953486
0.896176
0.793638
0.344099
0.999571
-0.96927
-0.947953
0.571958
-0.951509
0.922475
0.784702
0.543302
0.999589
-0.96913
-0.956815
0.819456
-0.949901
0.943467
0.783331
0.693593
0.999602
-0.967466
-0.961993
0.898699
-0.948535
0.952945
0.779845
0.742277
0.999611
-0.967414
-0.964731
0.914765
-0.947547
0.954982
0.777038
0.705648
0.999615
-0.970044
-0.96604
0.889412
-0.946982
0.950358
0.775607
0.55632
0.999617
-0.974711
-0.966133
0.784976
-0.946809
0.93684
0.77452
0.24314
0.999614
-0.979593
-0.964581
0.473804
-0.946945
0.909519
0.772292
-0.114651
0.999607
-0.982131
-0.959702
-0.0661585
-0.947348
0.868059
0.769788
-0.242712
0.999595
-0.979961
-0.948796
-0.422997
-0.948052
0.833663
0.771244
-0.161566
0.999581
-0.974006
-0.934946
-0.493669
-0.94899
0.829092
0.777852
-0.0704444
0.999573
-0.970091
-0.928741
-0.389998
-0.949985
0.848529
0.787501
0.0429821
0.99957
-0.968471
-0.930779
-0.123411
-0.950997
0.879519
0.79844
0.227134
0.999568
-0.966503
-0.936016
0.24724
-0.952067
0.909927
0.809167
0.451774
0.999565
-0.962345
-0.940056
0.53286
-0.953225
0.930936
0.81786
0.619872
0.999558
-0.956408
-0.941036
0.650921
-0.954501
0.940764
0.823866
0.680092
0.999548
-0.95199
-0.939342
0.632072
-0.955958
0.941524
0.829329
0.634002
0.999534
-0.951821
-0.935456
0.462805
-0.957629
0.93443
0.836458
0.466192
0.999516
-0.955187
-0.92887
0.0860991
-0.959461
0.918843
0.845147
0.191765
0.999493
-0.958514
-0.917872
-0.36479
-0.961374
0.897034
0.854661
-0.0472895
0.999467
-0.95818
-0.900807
-0.623928
-0.96331
0.88044
0.865212
-0.178834
0.99944
-0.955248
-0.881971
-0.702172
-0.965185
0.879765
0.876716
-0.247037
0.999417
-0.953383
-0.870283
-0.68273
-0.966877
0.892137
0.887606
-0.220235
0.999397
-0.95095
-0.866288
-0.569088
-0.96834
0.911313
0.896421
-0.059809
0.99938
-0.945066
-0.866268
-0.328043
-0.969598
0.9314
0.902699
0.218764
0.999363
-0.933636
-0.866358
-0.0126204
-0.970682
0.946499
0.905869
0.485564
0.999344
-0.917203
-0.863769
0.201655
-0.971638
0.953922
0.905889
0.61667
0.999323
-0.902895
-0.858507
0.245407
-0.972593
0.955615
0.905897
0.605773
0.9993
-0.899604
-0.851902
0.156064
-0.97368
0.955059
0.91038
0.445751
0.999275
-0.908825
-0.844716
-0.0465559
-0.97489
0.953399
0.919445
0.0974199
0.99925
-0.925282
-0.837152
-0.318489
-0.976108
0.950379
0.929808
-0.329822
0.999224
-0.941053
-0.828857
-0.546278
-0.97721
0.946958
0.938606
-0.608546
0.999199
-0.951098
-0.819694
-0.654738
-0.978136
0.946368
0.945193
-0.720199
0.999178
-0.955267
-0.81169
-0.652128
-0.978869
0.95068
0.949974
-0.723363
0.999161
-0.954204
-0.806514
-0.533922
-0.979405
0.958807
0.953215
-0.614502
0.999148
-0.946836
-0.802949
-0.258684
-0.979756
0.967991
0.954923
-0.332267
0.999139
-0.930868
-0.798676
0.105661
-0.979921
0.97481
0.954485
0.0736578
0.999131
-0.90695
-0.792811
0.327011
-0.979906
0.977157
0.951194
0.328246
0.999125
-0.887235
-0.787795
0.345708
-0.979835
0.975982
0.94727
0.319802
0.999122
-0.887144
-0.786267
0.241576
-0.97989
0.974164
0.947411
0.0613097
0.999122
-0.905802
-0.788376
0.0252198
-0.980058
0.972035
0.951476
-0.361782
0.999125
-0.930354
-0.792557
-0.291094
-0.980184
0.967832
0.955682
-0.684267
0.99913
-0.949113
-0.795793
-0.558448
-0.980154
0.961688
0.958023
-0.819769
0.999138
-0.958896
-0.796277
-0.678323
-0.979951
0.957019
0.958836
-0.851969
0.99915
-0.961808
-0.796272
-0.676691
-0.979571
0.956776
0.958645
-0.817668
0.999168
-0.959429
-0.798607
-0.555913
-0.978989
0.960882
0.957425
-0.674447
0.99919
-0.950823
-0.803049
-0.267248
-0.97819
0.967206
0.954776
-0.300352
0.999215
-0.933337
-0.807912
0.114949
-0.977136
0.971947
0.949384
0.232412
0.999241
-0.907707
-0.812542
0.327702
-0.975802
0.971657
0.939408
0.532814
0.999268
-0.888197
-0.818893
0.327556
-0.974359
0.966759
0.927545
0.570949
0.999295
-0.889885
-0.827866
0.215625
-0.973082
0.961013
0.921183
0.422284
0.999322
-0.908504
-0.837987
-0.0168987
-0.971957
0.953749
0.920502
0.0917721
0.999348
-0.931304
-0.846859
-0.352357
-0.970808
0.941441
0.92073
-0.271422
0.999371
-0.947825
-0.851498
-0.616741
-0.969502
0.924388
0.918949
-0.458273
0.999393
-0.954953
-0.851084
-0.72183
-0.968002
0.910416
0.91524
-0.474054
0.999415
-0.955942
-0.851303
-0.713387
-0.966255
0.905919
0.90989
-0.354032
0.999441
-0.9537
-0.857578
-0.6038
-0.964187
0.910294
0.902309
-0.08178
0.999468
-0.948499
-0.869233
-0.352324
-0.96179
0.920305
0.892035
0.281148
0.999496
-0.941153
-0.883696
0.0119863
-0.959109
0.930517
0.878866
0.564712
0.999523
-0.934344
-0.897921
0.319539
-0.956266
0.936847
0.863774
0.694645
0.999547
-0.932741
-0.91035
0.47763
-0.953456
0.938645
0.850009
0.708723
0.999568
-0.938535
-0.920533
0.496485
-0.950818
0.935484
0.839985
0.624141
0.999586
-0.949152
-0.928054
0.362697
-0.94834
0.924441
0.832077
0.41833
0.9996
-0.960212
-0.932327
0.0484237
-0.945937
0.90139
0.823188
0.144868
0.99961
-0.967422
-0.932063
-0.319973
-0.943553
0.866696
0.811903
-0.00877947
0.999616
-0.968682
-0.926389
-0.526575
-0.941211
0.834272
0.799796
-0.011651
0.999621
-0.9666
-0.919961
-0.560589
-0.938893
0.820091
0.788595
0.0228837
0.99963
-0.966269
-0.920741
-0.464281
-0.936518
0.826324
0.778779
0.0733531
0.999642
-0.968541
-0.929466
-0.209393
-0.934112
0.849318
0.770725
0.150611
0.999656
-0.972143
-0.942303
0.208659
-0.931805
0.881345
0.765208
0.269644
0.99967
-0.975282
-0.954467
0.60253
-0.92975
0.911321
0.761878
0.421155
0.999681
-0.976787
-0.963054
0.813515
-0.928065
0.932275
0.759165
0.547838
0.999689
-0.977153
-0.968174
0.89493
-0.926839
0.943801
0.756142
0.606072
0.999693
-0.977642
-0.971045
0.918841
-0.926156
0.947893
0.753127
0.584565
0.999695
-0.97907
-0.972531
0.910951
-0.926065
0.945712
0.750636
0.470451
0.999694
-0.981398
-0.972958
0.863764
-0.926553
0.936731
0.748523
0.250099
0.999691
-0.983934
-0.972243
0.734148
-0.927553
0.919185
0.74638
-0.0194569
0.999684
-0.98563
-0.969835
0.461024
-0.928995
0.892728
0.744673
-0.193816
0.999675
-0.985418
-0.964787
0.117567
-0.930842
0.864719
0.745565
-0.203051
0.999662
-0.982847
-0.957123
-0.0844828
-0.933053
0.850378
0.751239
-0.114012
0.99965
-0.979223
-0.950142
-0.0859917
-0.935502
0.856479
0.761271
0.000162422
0.999641
-0.976389
-0.947262
0.0628121
-0.938073
0.876245
0.773905
0.144767
0.999633
-0.97397
-0.947512
0.285024
-0.940727
0.89943
0.787304
0.31592
0.999623
-0.970803
-0.948187
0.473977
-0.943456
0.917979
0.799704
0.462469
0.999611
-0.966658
-0.947445
0.562938
-0.946257
0.928365
0.81013
0.532762
0.999596
-0.96275
-0.94473
0.537963
-0.949136
0.930481
0.819151
0.509088
0.999577
-0.960604
-0.939924
0.379875
-0.952098
0.925096
0.828131
0.39191
0.999554
-0.960255
-0.932519
0.0739143
-0.955106
0.913172
0.83784
0.214974
0.999527
-0.959931
-0.921454
-0.273827
-0.958103
0.898462
0.84852
0.0572466
0.999495
-0.957803
-0.906445
-0.498166
-0.961026
0.889156
0.860326
-0.0429581
0.999462
-0.954475
-0.890783
-0.579259
-0.963796
0.891239
0.872846
-0.0917217
0.99943
-0.95153
-0.879398
-0.56006
-0.966333
0.902939
0.884862
-0.0662794
0.999399
-0.947938
-0.872928
-0.452483
-0.968605
0.919257
0.895166
0.0528497
0.999368
-0.941617
-0.86889
-0.261697
-0.970629
0.93528
0.903159
0.237164
0.999335
-0.931435
-0.86452
-0.0503723
-0.97244
0.947163
0.908621
0.400759
0.999299
-0.918933
-0.858117
0.0800815
-0.974093
0.953697
0.912259
0.46636
0.99926
-0.909432
-0.849729
0.0906628
-0.975676
0.956399
0.916417
0.40426
0.999218
-0.908275
-0.840299
0.00075862
-0.977253
0.957467
0.923248
0.195432
0.999174
-0.916004
-0.83067
-0.158583
-0.978802
0.957975
0.932313
-0.135635
0.999128
-0.928372
-0.82126
-0.33657
-0.980249
0.958317
0.941473
-0.44966
0.999082
-0.939704
-0.811997
-0.465988
-0.981528
0.959387
0.949125
-0.635144
0.999036
-0.946679
-0.802945
-0.505817
-0.982616
0.96241
0.954973
-0.703464
0.998994
-0.948573
-0.794618
-0.442408
-0.983518
0.967543
0.959285
-0.683959
0.998954
-0.945119
-0.786877
-0.263569
-0.984247
0.97362
0.962273
-0.574587
0.998918
-0.935682
-0.778758
0.00170914
-0.984819
0.978926
0.963922
-0.376456
0.998884
-0.920757
-0.769764
0.232506
-0.985249
0.982175
0.964136
-0.179027
0.998854
-0.905559
-0.761227
0.332182
-0.985578
0.983257
0.9635
-0.124727
0.998829
-0.899711
-0.755664
0.307729
-0.98588
0.983088
0.963667
-0.264203
0.998809
-0.907898
-0.75443
0.183581
-0.986187
0.982383
0.965523
-0.51968
0.998794
-0.924849
-0.756946
-0.0356533
-0.986455
0.98085
0.967969
-0.738657
0.998786
-0.941838
-0.761307
-0.295781
-0.98662
0.978145
0.969674
-0.854702
0.998783
-0.95372
-0.76542
-0.489901
-0.986658
0.974966
0.970309
-0.898418
0.998788
-0.959691
-0.768548
-0.569875
-0.986567
0.972851
0.970096
-0.90068
0.9988
-0.960566
-0.771637
-0.539443
-0.986345
0.972883
0.969175
-0.861243
0.998821
-0.956517
-0.775624
-0.387151
-0.985984
0.974948
0.967427
-0.7357
0.998848
-0.946321
-0.780333
-0.107456
-0.985471
0.977773
0.964383
-0.426591
0.998881
-0.928228
-0.785235
0.181204
-0.984781
0.979232
0.958933
0.0272373
0.998917
-0.90498
-0.791117
0.305771
-0.98391
0.977393
0.949975
0.317081
0.998957
-0.889929
-0.800144
0.259201
-0.982967
0.972454
0.93979
0.350243
0.998998
-0.894054
-0.812478
0.114693
-0.982092
0.966557
0.933295
0.187665
0.99904
-0.911898
-0.826043
-0.117745
-0.981264
0.959228
0.930417
-0.0952141
0.99908
-0.931721
-0.838262
-0.390023
-0.980381
0.948542
0.927782
-0.337564
0.999119
-0.9453
-0.846836
-0.579119
-0.979373
0.935793
0.923379
-0.428442
0.999156
-0.95094
-0.852176
-0.639168
-0.978213
0.9263
0.917037
-0.369641
0.999194
-0.950927
-0.858333
-0.586363
-0.976875
0.923647
0.908686
-0.16882
0.999235
-0.947312
-0.86818
-0.414972
-0.975332
0.926953
0.897838
0.141899
0.999277
-0.941377
-0.881118
-0.131666
-0.973598
0.932769
0.884147
0.433224
0.999318
-0.935675
-0.895179
0.163307
-0.97173
0.937461
0.868281
0.598314
0.999357
-0.934191
-0.908613
0.361199
-0.969838
0.939444
0.852802
0.640706
0.999392
-0.939215
-0.920397
0.434735
-0.968018
0.937912
0.84016
0.581355
0.999422
-0.949016
-0.929863
0.377292
-0.966285
0.930689
0.829614
0.410792
0.999448
-0.959959
-0.936602
0.176296
-0.964601
0.914919
0.818551
0.155218
0.999468
-0.968507
-0.940167
-0.109855
-0.962932
0.890304
0.805216
-0.0473272
0.999484
-0.972734
-0.940379
-0.312936
-0.961285
0.865332
0.79048
-0.111079
0.999498
-0.973729
-0.939583
-0.337618
-0.95968
0.854233
0.77665
-0.0943448
0.999513
-0.974654
-0.942492
-0.174157
-0.958118
0.862711
0.765266
-0.0404621
0.999532
-0.97685
-0.950222
0.172431
-0.956631
0.885803
0.757076
0.0641406
0.999552
-0.979242
-0.959552
0.564014
-0.955297
0.913015
0.751917
0.230774
0.999569
-0.980545
-0.967181
0.80801
-0.954195
0.935243
0.748502
0.415992
0.999582
-0.980555
-0.972126
0.910013
-0.953391
0.949625
0.745515
0.551157
0.99959
-0.980057
-0.975016
0.946527
-0.952945
0.957299
0.742723
0.609705
0.999593
-0.979986
-0.976613
0.956718
-0.952909
0.95996
0.740779
0.593221
0.999592
-0.980814
-0.977332
0.951494
-0.953306
0.958377
0.74017
0.49377
0.999588
-0.982489
-0.977312
0.925661
-0.954114
0.952168
0.74075
0.292738
0.999579
-0.984572
-0.976493
0.852702
-0.955277
0.940015
0.742071
0.0153136
0.999566
-0.986317
-0.974546
0.673373
-0.956726
0.920827
0.744134
-0.219828
0.999548
-0.986837
-0.970785
0.361289
-0.958407
0.897393
0.748208
-0.307525
0.999525
-0.985385
-0.964581
0.0735564
-0.960283
0.880158
0.75643
-0.251899
0.999498
-0.981966
-0.956998
-0.0236654
-0.962293
0.879655
0.769337
-0.116373
0.999472
-0.977775
-0.951116
0.0625094
-0.964351
0.89397
0.785074
0.0669489
0.999447
-0.973294
-0.947921
0.247554
-0.966398
0.913254
0.801216
0.277655
0.99942
-0.96766
-0.945507
0.416753
-0.968412
0.92901
0.815592
0.44937
0.999388
-0.960776
-0.942005
0.488854
-0.970388
0.937578
0.827316
0.525927
0.999351
-0.954425
-0.936676
0.438362
-0.972343
0.939102
0.837623
0.496123
0.999307
-0.950755
-0.929244
0.24961
-0.974291
0.934934
0.848508
0.364091
0.999256
-0.949906
-0.919157
-0.0585047
-0.976217
0.926883
0.860763
0.161453
0.999198
-0.949967
-0.905722
-0.358292
-0.978083
0.918858
0.874096
-0.0359893
0.999133
-0.949086
-0.889489
-0.531114
-0.979846
0.91662
0.88788
-0.173384
0.999065
-0.947193
-0.873622
-0.577617
-0.981465
0.922808
0.901191
-0.229335
0.998997
-0.944174
-0.861122
-0.524606
-0.982909
0.934799
0.912875
-0.181453
0.998928
-0.938071
-0.851311
-0.375234
-0.984172
0.948223
0.922135
-0.0263685
0.998857
-0.926705
-0.841602
-0.158164
-0.985269
0.959283
0.928604
0.17526
0.998783
-0.910141
-0.829976
0.0258504
-0.986225
0.966067
0.932495
0.306993
0.998704
-0.893814
-0.816381
0.100561
-0.987096
0.969388
0.935688
0.292941
0.998622
-0.886739
-0.802352
0.0823106
-0.987948
0.971584
0.941118
0.105048
0.998538
-0.893258
-0.789461
0.00285632
-0.988794
0.973929
0.949374
-0.237718
0.998453
-0.909746
-0.778588
-0.126075
-0.989592
0.976079
0.958212
-0.584058
0.998371
-0.928259
-0.769545
-0.278468
-0.990287
0.977537
0.965427
-0.792135
0.998292
-0.942739
-0.761367
-0.40186
-0.990856
0.978607
0.970511
-0.883427
0.998221
-0.951598
-0.753467
-0.457851
-0.991302
0.979964
0.973959
-0.917437
0.998159
-0.955555
-0.746002
-0.435117
-0.991638
0.981927
0.97629
-0.923737
0.99811
-0.955472
-0.739288
-0.330313
-0.991874
0.984306
0.977794
-0.910073
0.998075
-0.951739
-0.733415
-0.150613
-0.992017
0.986636
0.978581
-0.873347
0.998054
-0.944637
-0.728513
0.0591874
-0.992071
0.988439
0.978646
-0.808964
0.998047
-0.935215
-0.7252
0.224858
-0.992043
0.989399
0.977954
-0.727426
0.998055
-0.926116
-0.724636
0.299743
-0.991939
0.989426
0.976599
-0.663635
0.998076
-0.920987
-0.727938
0.279445
-0.991774
0.988584
0.974884
-0.650657
0.99811
-0.922059
-0.735372
0.176036
-0.991558
0.986955
0.973128
-0.685466
0.998155
-0.928229
-0.746063
0.0118532
-0.991288
0.984541
0.97134
-0.734425
0.99821
-0.936006
-0.758378
-0.166452
-0.990952
0.981388
0.969229
-0.764013
0.998273
-0.941964
-0.77069
-0.297338
-0.990535
0.977908
0.966473
-0.7533
0.998342
-0.944084
-0.782153
-0.341336
-0.990025
0.974903
0.962821
-0.679419
0.998417
-0.941478
-0.792946
-0.29001
-0.989409
0.972945
0.957933
-0.50094
0.998497
-0.933756
-0.803687
-0.163083
-0.988671
0.971645
0.951157
-0.193027
0.998579
-0.921637
-0.81494
-0.02526
-0.987796
0.9696
0.941581
0.139972
0.998661
-0.909329
-0.827295
0.0479365
-0.9868
0.965492
0.929115
0.341902
0.998743
-0.904114
-0.841019
0.0438254
-0.985736
0.959602
0.916122
0.390632
0.998822
-0.909331
-0.855411
-0.0198499
-0.984655
0.952759
0.905403
0.326363
0.998896
-0.921445
-0.869131
-0.140245
-0.983549
0.944213
0.896752
0.191807
0.998964
-0.934693
-0.880872
-0.291084
-0.982381
0.932959
0.888135
0.054008
0.999026
-0.944925
-0.890016
-0.411483
-0.981118
0.920129
0.877978
-0.0164187
0.999084
-0.950941
-0.897316
-0.452167
-0.979745
0.909532
0.865878
0.00257564
0.999139
-0.953985
-0.90492
-0.392658
-0.978257
0.90504
0.852177
0.0897804
0.999193
-0.956001
-0.914616
-0.220642
-0.976661
0.907754
0.837536
0.209319
0.999246
-0.95829
-0.926202
0.0507951
-0.974986
0.915643
0.822773
0.322241
0.999296
-0.961362
-0.937984
0.337585
-0.973275
0.924747
0.808465
0.394138
0.999341
-0.9653
-0.948287
0.542489
-0.971578
0.931452
0.794652
0.400204
0.99938
-0.970064
-0.956445
0.645532
-0.969935
0.933888
0.781007
0.324983
0.999413
-0.975315
-0.962608
0.671022
-0.968379
0.931483
0.766995
0.166521
0.99944
-0.980334
-0.967139
0.642302
-0.966931
0.924541
0.752186
-0.0393304
0.999461
-0.984378
-0.970352
0.586636
-0.965613
0.915021
0.736964
-0.218268
0.999479
-0.987118
-0.972599
0.552638
-0.964458
0.90744
0.722942
-0.318555
0.999493
-0.988739
-0.974434
0.58995
-0.963505
0.907091
0.712269
-0.33343
0.999505
-0.989626
-0.97642
0.69952
-0.962789
0.915868
0.706441
-0.259934
0.999516
-0.989927
-0.978603
0.825966
-0.962346
0.930803
0.705814
-0.0775218
0.999523
-0.989437
-0.980496
0.915618
-0.962206
0.946808
0.709704
0.209618
0.999526
-0.987793
-0.981624
0.960893
-0.962394
0.959929
0.716547
0.504605
0.999523
-0.984779
-0.981834
0.979479
-0.962919
0.968646
0.724507
0.700298
0.999515
-0.980671
-0.981217
0.986019
-0.963792
0.973317
0.732772
0.793517
0.9995
-0.976321
-0.979885
0.986758
-0.965015
0.97481
0.741991
0.821063
0.99948
-0.972763
-0.977813
0.982045
-0.96657
0.973468
0.75314
0.796137
0.999452
-0.970948
-0.974831
0.964318
-0.968405
0.96861
0.766558
0.690129
0.999417
-0.971566
-0.970636
0.894972
-0.970438
0.957866
0.781689
0.414999
0.999373
-0.974311
-0.964533
0.59327
-0.972564
0.935884
0.797193
-0.0405613
0.999317
-0.976662
-0.9543
-0.177473
-0.974695
0.897285
0.812675
-0.323652
0.999244
-0.97343
-0.933767
-0.679977
-0.976818
0.860681
0.83151
-0.336462
0.999159
-0.96253
-0.901244
-0.787413
-0.978898
0.859377
0.854467
-0.371612
0.999082
-0.955704
-0.878159
-0.771159
-0.980779
0.883015
0.87748
-0.371326
0.999014
-0.952087
-0.868601
-0.660047
-0.982402
0.913632
0.896691
-0.204477
0.998947
-0.943197
-0.862693
-0.373312
-0.983799
0.942034
0.911006
0.16052
0.998874
-0.922984
-0.854132
0.0416408
-0.984985
0.960392
0.919289
0.532233
0.998792
-0.887839
-0.838403
0.2743
-0.985969
0.96703
0.920361
0.688876
0.998702
-0.85236
-0.817231
0.280923
-0.986885
0.967655
0.920402
0.66588
0.998605
-0.839195
-0.794254
0.22654
-0.987904
0.970115
0.929542
0.454401
0.998501
-0.85363
-0.771866
0.147648
-0.989008
0.975258
0.946286
-0.0871682
0.998394
-0.889602
-0.753038
0.000371567
-0.990087
0.980304
0.963018
-0.702089
0.99829
-0.929165
-0.739462
-0.289138
-0.990997
0.982385
0.974111
-0.937483
0.998192
-0.957284
-0.729032
-0.621108
-0.991676
0.981265
0.979973
-0.986391
0.998104
-0.973299
-0.719322
-0.828094
-0.992157
0.978053
0.983
-0.996219
0.998031
-0.981933
-0.710437
-0.921736
-0.992476
0.97341
0.984559
-0.99865
0.997982
-0.986881
-0.704593
-0.963916
-0.992639
0.96645
0.985062
-0.999405
0.99796
-0.989944
-0.702829
-0.983935
-0.992645
0.954867
0.984555
-0.999681
0.997967
-0.991872
-0.703714
-0.993141
-0.992491
0.935196
0.982965
-0.999789
0.998002
-0.992942
-0.703471
-0.99702
-0.992179
0.903606
0.980168
-0.99982
0.998059
-0.993224
-0.697425
-0.998556
-0.991705
0.857829
0.975976
-0.999801
0.998137
-0.992734
-0.683359
-0.999195
-0.991047
0.795106
0.969802
-0.999704
0.998231
-0.991158
-0.657774
-0.999444
-0.99018
0.719547
0.960876
-0.999491
0.998344
-0.988746
-0.631204
-0.99965
-0.98897
0.588131
0.944878
-0.997314
0.998428
-0.973861
-0.505615
-0.997415
-0.988021
0.751319
0.941271
-0.99999
0.998821
-0.999106
-0.897429
-1
-0.981674
-0.966442
0.526244
1
0.997277
0.99995
0.997952
-1
-0.972541
-0.999559
-0.988163
-1
0.999155
-0.999971
-0.425457
-0.999763
-0.979508
-0.19569
0.697948
-0.468782
0.998896
-0.602841
0.136316
-0.990022
-0.9758
-0.0961135
0.228616
-1
0.999417
-0.99997
-0.955707
-1
-0.9507
-0.999974
-0.906217
-1
0.99954
-1
-0.958145
-1
-0.934014
-0.999996
-0.973907
-1
0.999642
-1
-0.992038
-1
-0.908585
-1
-0.994521
-0.189464
0.999252
0.502179
0.921911
1
-0.963591
0.999808
0.720223
-0.668022
0.999606
-0.980236
-0.920421
0.96523
-0.95825
0.992394
0.958506
0.990908
0.999512
-0.547642
-0.756155
-0.866561
-0.949459
0.599483
0.63673
0.990569
0.999438
-0.0682517
-0.310924
-0.865788
-0.947589
0.140816
0.0750486
0.0206184
0.999446
-0.594125
0.0229555
1
-0.971936
0.999992
0.992596
0.970211
0.999519
-0.632555
-0.715241
-0.66966
-0.956011
0.844522
0.832425
0.762824
0.999459
-0.740484
-0.612727
0.842052
-0.962508
0.985209
0.949592
-0.109766
0.999488
-0.910823
-0.745066
0.18745
-0.964041
0.98105
0.970418
-0.834374
0.999482
-0.954664
-0.735825
-0.557754
-0.965329
0.973701
0.977155
-0.986456
0.999484
-0.981022
-0.740032
-0.943042
-0.965549
0.947331
0.978617
-0.998047
0.999482
-0.989325
-0.718975
-0.98904
-0.965476
0.912421
0.979533
-0.99955
0.999484
-0.992771
-0.686791
-0.997012
-0.96495
0.869615
0.98005
0.999959
0.999433
0.680715
-0.329735
-1
-0.916607
-0.999878
-0.987445
0.630476
0.999156
0.782837
0.948497
1
-0.963532
0.997104
0.174393
-1
0.999663
-0.999967
-0.989699
0.97613
-0.965849
0.995177
0.970682
0.999085
0.999391
0.0496562
-0.586162
-0.999957
-0.947359
-0.950525
-0.595316
0.999978
0.998938
0.998169
0.991731
0.999948
-0.965625
0.969855
-0.303683
-1
0.999702
-1
-0.998065
0.884236
-0.971756
0.994056
0.979605
0.995371
0.999277
-0.0171211
-0.412977
-0.996944
-0.963268
-0.367009
0.175483
1
0.99871
0.999537
0.990236
0.997425
-0.971612
0.923247
-0.118961
-1
0.999591
-0.999999
-0.990479
-0.856759
-0.976617
0.974973
0.986091
0.19507
0.999145
-0.637584
-0.190919
0.999744
-0.983032
0.999823
0.996058
-0.885273
0.999151
-0.86541
-0.217899
0.999948
-0.985916
0.999972
0.999173
0.99836
0.999861
-0.347622
-0.701463
-0.989922
-0.836336
-0.327049
0.18417
1
0.999477
0.998888
0.96347
0.999512
-0.852174
0.82609
-0.65401
-1
0.999889
-1
-0.999565
0.582943
-0.868774
0.969765
0.944928
0.978202
0.999736
-0.673083
-0.750271
-0.335722
-0.856974
0.843737
0.821032
0.890096
0.999719
-0.75487
-0.687554
0.693556
-0.867662
0.962378
0.916659
0.333844
0.999749
-0.915815
-0.799472
0.0798447
-0.869908
0.958261
0.949037
-0.465956
0.999753
-0.950585
-0.79368
-0.683278
-0.869823
0.930754
0.954568
-0.900365
0.999755
-0.972598
-0.781348
-0.929766
-0.868578
0.888195
0.957393
-0.965423
0.999754
-0.977981
-0.743903
-0.965547
-0.867108
0.867171
0.960602
-0.987684
0.999759
-0.984085
-0.736309
-0.987746
-0.861889
0.807177
0.958373
-0.983715
0.999754
-0.977969
-0.664155
-0.968306
-0.859497
0.871197
0.963983
-0.998268
0.999777
-0.993706
-0.800402
-0.999494
-0.837462
0.325619
0.928335
0.991207
0.999657
0.618087
0.607501
-0.999756
-0.780933
-0.959445
-0.751092
-0.999978
0.999637
-0.930049
0.850686
1
-0.929092
1
0.999921
-0.999987
0.9999
-0.999711
-0.955117
-1
-0.761635
-0.925483
0.687849
1
0.999173
0.999999
0.999518
-0.999988
-0.690873
-0.997415
-0.965307
-1
0.999626
-0.999586
0.23748
0.999999
-0.848888
0.999953
0.996236
-1
0.999897
-0.999993
-0.990992
-1
-0.629853
-0.999298
-0.138175
-0.972468
0.999342
-0.198905
0.904094
0.995547
-0.753919
0.975719
0.768657
-1
0.999895
-1
-0.999344
-1
-0.471601
-0.999993
-0.804775
-1
0.99932
-0.999999
-0.804723
-1
-0.413178
-0.999994
-0.854948
0.703701
0.839346
0.934789
0.953355
0.997626
-0.98732
0.840901
-0.616527
-1
0.998361
-1
-0.999635
-0.510322
-0.99589
0.961755
0.934139
0.759923
0.995694
-0.767612
-0.784307
-0.494427
-0.995934
0.938067
0.879622
0.285541
0.995555
-0.854149
-0.795473
0.147471
-0.996344
0.976094
0.93207
0.258053
0.995308
-0.856317
-0.797171
-0.266774
-0.996507
0.968932
0.932755
-0.146813
0.995071
-0.884049
-0.788587
-0.322511
-0.996735
0.973414
0.946137
-0.496774
0.994843
-0.908024
-0.785458
-0.453492
-0.996917
0.974691
0.954609
-0.708051
0.994631
-0.924166
-0.781262
-0.528005
-0.997062
0.975964
0.960184
-0.795624
0.994443
-0.931941
-0.777061
-0.530878
-0.997171
0.977717
0.963489
-0.806626
0.994285
-0.9317
-0.7725
-0.444638
-0.997247
0.980217
0.96515
-0.750532
0.99416
-0.9233
-0.767564
-0.265248
-0.997292
0.982857
0.965253
-0.597826
0.994069
-0.905693
-0.762082
-0.0476821
-0.997306
0.984593
0.963341
-0.331021
0.994011
-0.879949
-0.756738
0.0893886
-0.99729
0.984516
0.958807
-0.0572324
0.993986
-0.854576
-0.753627
0.0968863
-0.997255
0.982653
0.952548
0.0754564
0.993995
-0.842576
-0.754497
0.0375244
-0.997224
0.980514
0.948061
0.0449811
0.994031
-0.848113
-0.758991
-0.0398572
-0.997207
0.979306
0.947597
-0.110042
0.994087
-0.86581
-0.765945
-0.14174
-0.997196
0.978626
0.949899
-0.327035
0.994164
-0.887717
-0.774291
-0.268911
-0.997177
0.977673
0.952646
-0.517142
0.994264
-0.906729
-0.782887
-0.391623
-0.997139
0.976124
0.954206
-0.624604
0.994388
-0.918846
-0.790725
-0.466149
-0.997076
0.974434
0.954029
-0.641477
0.994536
-0.922959
-0.797495
-0.465781
-0.996985
0.973388
0.952072
-0.5597
0.994706
-0.918999
-0.803586
-0.384882
-0.996863
0.973181
0.948094
-0.348476
0.994897
-0.906907
-0.809532
-0.248661
-0.996708
0.972896
0.941273
-0.0206049
0.995104
-0.888352
-0.815939
-0.12904
-0.996518
0.971025
0.930601
0.279052
0.995322
-0.870406
-0.823736
-0.0760814
-0.996303
0.967223
0.917163
0.43749
0.995545
-0.862587
-0.833362
-0.0639354
-0.996089
0.963315
0.905546
0.473805
0.995765
-0.867366
-0.844037
-0.0796975
-0.995887
0.960364
0.898916
0.421395
0.995972
-0.880968
-0.854522
-0.142034
-0.995693
0.957455
0.896484
0.291623
0.996166
-0.898525
-0.863955
-0.251688
-0.995499
0.953549
0.896021
0.11175
0.996349
-0.915264
-0.871941
-0.377755
-0.995293
0.948279
0.895226
-0.0508381
0.996522
-0.927641
-0.878384
-0.469328
-0.995065
0.942685
0.89268
-0.127345
0.996689
-0.934399
-0.883826
-0.488568
-0.994809
0.939037
0.888038
-0.0913293
0.996855
-0.936228
-0.889508
-0.418045
-0.994524
0.939007
0.881449
0.0468833
0.997021
-0.934544
-0.896381
-0.254343
-0.99421
0.942121
0.873059
0.240107
0.997184
-0.931064
-0.904307
-0.0313666
-0.993872
0.946296
0.86318
0.410637
0.997341
-0.928281
-0.912496
0.173544
-0.993523
0.949562
0.852919
0.503934
0.997485
-0.928964
-0.920195
0.299389
-0.993178
0.950942
0.844184
0.509064
0.997614
-0.934228
-0.926865
0.325115
-0.992849
0.94975
0.838046
0.424539
0.997726
-0.942907
-0.932175
0.244661
-0.992539
0.945109
0.833782
0.251505
0.997821
-0.952504
-0.935965
0.0713726
-0.99224
0.936576
0.829816
0.0389296
0.997902
-0.9603
-0.938129
-0.12216
-0.991946
0.925791
0.825096
-0.113398
0.997973
-0.96475
-0.938961
-0.227326
-0.991655
0.917816
0.819946
-0.148674
0.998038
-0.966195
-0.939805
-0.183086
-0.991367
0.917952
0.815389
-0.0733701
0.998104
-0.965868
-0.942236
0.0160297
-0.991087
0.926325
0.811922
0.0874659
0.99817
-0.964422
-0.946177
0.300364
-0.990817
0.937967
0.809093
0.279687
0.99823
-0.96219
-0.950246
0.534187
-0.990568
0.947533
0.806015
0.42126
0.99828
-0.960403
-0.953483
0.654339
-0.990351
0.952669
0.802692
0.46465
0.998319
-0.960775
-0.955741
0.676499
-0.990181
0.953196
0.800118
0.399853
0.998346
-0.963815
-0.957073
0.608151
-0.990067
0.949035
0.79868
0.22479
0.99836
-0.968441
-0.957402
0.429598
-0.990002
0.939804
0.797775
-0.0158113
0.998362
-0.972677
-0.956443
0.159294
-0.989978
0.926628
0.79701
-0.202037
0.998354
-0.97474
-0.953926
-0.0670479
-0.989992
0.915103
0.797233
-0.253221
0.998338
-0.974145
-0.950586
-0.122087
-0.990041
0.913015
0.799687
-0.176215
0.998324
-0.971681
-0.948383
0.00949297
-0.990118
0.921851
0.804365
0.00497289
0.998312
-0.967848
-0.948112
0.258001
-0.990218
0.935487
0.809879
0.24353
0.998299
-0.962408
-0.948507
0.482416
-0.990339
0.946868
0.814316
0.437568
0.998278
-0.956273
-0.9483
0.594203
-0.990485
0.952873
0.817121
0.518753
0.998247
-0.952145
-0.947183
0.592679
-0.990672
0.953647
0.820057
0.482634
0.998205
-0.951914
-0.945084
0.473154
-0.990906
0.949702
0.824797
0.331442
0.99815
-0.954907
-0.941666
0.209168
-0.99118
0.941025
0.831197
0.0973922
0.998081
-0.958496
-0.936293
-0.138601
-0.991478
0.929072
0.838433
-0.103754
0.997999
-0.959672
-0.928408
-0.390688
-0.991786
0.919427
0.846228
-0.180313
0.99791
-0.957286
-0.91915
-0.471057
-0.992094
0.918673
0.854571
-0.133633
0.997825
-0.952138
-0.911548
-0.404631
-0.992387
0.927102
0.862782
0.0236024
0.997745
-0.944152
-0.906764
-0.221699
-0.992659
0.93921
0.86947
0.257704
0.997666
-0.932112
-0.903084
-0.00083568
-0.992904
0.949125
0.873193
0.466768
0.997583
-0.917099
-0.898733
0.139997
-0.993132
0.954236
0.874119
0.572046
0.997493
-0.90432
-0.893234
0.159063
-0.993367
0.955558
0.875509
0.572341
0.997392
-0.898658
-0.886549
0.0733899
-0.993627
0.955002
0.880795
0.475839
0.99728
-0.900715
-0.878441
-0.0941456
-0.99391
0.953539
0.890223
0.275395
0.997156
-0.908296
-0.868892
-0.294667
-0.994203
0.951993
0.902008
0.00113695
0.997026
-0.917656
-0.858303
-0.460804
-0.994487
0.951458
0.913837
-0.248767
0.996895
-0.925042
-0.847382
-0.549754
-0.994744
0.953149
0.924093
-0.393702
0.99677
-0.928067
-0.836964
-0.551986
-0.994967
0.957566
0.932173
-0.417142
0.996656
-0.92533
-0.827393
-0.465056
-0.995149
0.963764
0.937946
-0.319232
0.996552
-0.915421
-0.81798
-0.296648
-0.995291
0.969783
0.941237
-0.114805
0.996458
-0.897713
-0.807729
-0.111272
-0.995392
0.973763
0.941812
0.10777
0.996373
-0.875865
-0.796726
-0.00267297
-0.995464
0.975193
0.940407
0.227903
0.996298
-0.859519
-0.786347
0.0177969
-0.995532
0.975443
0.939928
0.200192
0.996234
-0.856914
-0.777776
-0.00794201
-0.995618
0.976224
0.943156
0.0264002
0.996179
-0.868422
-0.771429
-0.0663543
-0.995718
0.977723
0.949624
-0.259321
0.996138
-0.888657
-0.767349
-0.16136
-0.995817
0.97918
0.956856
-0.546705
0.996113
-0.909998
-0.765093
-0.282139
-0.99589
0.979979
0.962758
-0.735372
0.996109
-0.926708
-0.763716
-0.389812
-0.995925
0.980218
0.9667
-0.825837
0.996129
-0.936827
-0.76243
-0.443499
-0.995918
0.980505
0.969
-0.854886
0.996174
-0.94062
-0.761072
-0.421641
-0.995869
0.981354
0.970091
-0.840489
0.996245
-0.93855
-0.759814
-0.315328
-0.995776
0.982776
0.970159
-0.774286
0.996339
-0.930462
-0.75873
-0.136341
-0.995636
0.984273
0.969095
-0.627064
0.996454
-0.916183
-0.757967
0.0521348
-0.995444
0.985074
0.966525
-0.392009
0.996585
-0.897851
-0.758356
0.162021
-0.995198
0.984516
0.962164
-0.16094
0.99673
-0.882471
-0.761454
0.163208
-0.994912
0.982547
0.956799
-0.0540692
0.996886
-0.878398
-0.768217
0.0886349
-0.994609
0.979935
0.952543
-0.0951769
0.997047
-0.88703
-0.777996
-0.0318422
-0.9943
0.977241
0.950527
-0.236212
0.99721
-0.902645
-0.789316
-0.185243
-0.993967
0.974133
0.94974
-0.395399
0.997372
-0.918137
-0.800596
-0.33587
-0.993588
0.970306
0.948624
-0.497191
0.997533
-0.928808
-0.810649
-0.432313
-0.993143
0.96634
0.946274
-0.506539
0.997692
-0.933089
-0.819345
-0.444944
-0.992619
0.963434
0.942371
-0.406332
0.99785
-0.931169
-0.827556
-0.369883
-0.992002
0.962125
0.936599
-0.18372
0.998004
-0.9239
-0.836168
-0.229505
-0.99128
0.961514
0.928366
0.111175
0.998154
-0.913646
-0.845575
-0.0845557
-0.990448
0.959992
0.917323
0.349234
0.998297
-0.905653
-0.855906
0.00897038
-0.989526
0.956935
0.90485
0.461378
0.998432
-0.905278
-0.866926
0.0394599
-0.988551
0.952979
0.894024
0.462322
0.998555
-0.913088
-0.877832
0.00150344
-0.987541
0.948003
0.886344
0.374179
0.998666
-0.92547
-0.887588
-0.109222
-0.986483
0.940751
0.880588
0.222088
0.998766
-0.937989
-0.895402
-0.261109
-0.985351
0.930556
0.874748
0.0673496
0.998855
-0.947381
-0.901007
-0.38628
-0.984119
0.919034
0.86755
-0.0175517
0.998935
-0.952694
-0.905193
-0.429562
-0.982772
0.910293
0.85888
-0.00784002
0.999011
-0.955069
-0.90997
-0.369042
-0.981302
0.907982
0.849206
0.078935
0.999084
-0.956183
-0.91695
-0.196813
-0.979708
0.912432
0.839043
0.209822
0.999153
-0.957099
-0.925837
0.0627665
-0.978003
0.920821
0.828831
0.341084
0.999216
-0.958409
-0.935049
0.320943
-0.976216
0.929093
0.818838
0.42866
0.999273
-0.960691
-0.943157
0.492249
-0.974387
0.934171
0.809216
0.444532
0.999322
-0.964406
-0.949596
0.559969
-0.972552
0.934564
0.800013
0.375889
0.999363
-0.969323
-0.954377
0.535908
-0.970735
0.929512
0.790864
0.223966
0.999397
-0.97443
-0.957598
0.429195
-0.968945
0.918776
0.781185
0.0316231
0.999425
-0.978499
-0.959285
0.273609
-0.967194
0.904207
0.771063
-0.116804
0.999448
-0.980839
-0.959664
0.156167
-0.965502
0.891646
0.761816
-0.172761
0.999468
-0.981723
-0.959742
0.160293
-0.963894
0.88829
0.755134
-0.148489
0.999487
-0.982018
-0.960971
0.299673
-0.962392
0.896242
0.751809
-0.0634185
0.999505
-0.982176
-0.963672
0.51135
-0.961021
0.911157
0.75152
0.0739192
0.999522
-0.981968
-0.966777
0.697164
-0.959816
0.926644
0.753201
0.235676
0.999536
-0.981172
-0.969195
0.809149
-0.958818
0.93839
0.755625
0.368926
0.999546
-0.980066
-0.970548
0.858715
-0.958065
0.94493
0.758078
0.432366
0.999551
-0.979305
-0.970919
0.865291
-0.957591
0.946218
0.760566
0.410182
0.999553
-0.979409
-0.970422
0.829842
-0.957414
0.942141
0.763347
0.297394
0.999551
-0.980342
-0.968979
0.72571
-0.957525
0.931949
0.766462
0.112373
0.999545
-0.981429
-0.966211
0.503268
-0.957895
0.915083
0.770011
-0.0662503
0.999535
-0.981535
-0.961371
0.178313
-0.958495
0.894434
0.774881
-0.142334
0.999522
-0.979608
-0.953905
-0.0843465
-0.959306
0.879268
0.782563
-0.103605
0.999507
-0.975743
-0.945253
-0.173439
-0.960279
0.878154
0.793352
-0.003393
0.999494
-0.971384
-0.938689
-0.110784
-0.961344
0.889676
0.805981
0.133399
0.999482
-0.967035
-0.935174
0.0459265
-0.962456
0.906374
0.818802
0.29376
0.999471
-0.961933
-0.932914
0.213748
-0.963601
0.921199
0.830372
0.433221
0.999457
-0.955912
-0.92994
0.309349
-0.964784
0.930354
0.840119
0.505455
0.999441
-0.950285
-0.925242
0.292747
-0.966028
0.933298
0.84887
0.492396
0.999421
-0.946856
-0.918468
0.156041
-0.967355
0.931104
0.85811
0.393376
0.999399
-0.946065
-0.909293
-0.0759863
-0.968757
0.925494
0.868572
0.226347
0.999373
-0.946665
-0.897427
-0.317535
-0.970195
0.919438
0.880027
0.0418172
0.999345
-0.947105
-0.883456
-0.478604
-0.971617
0.917094
0.89186
-0.106039
0.999318
-0.946829
-0.869654
-0.538659
-0.972964
0.921049
0.903288
-0.18537
0.999292
-0.945542
-0.85847
-0.510377
-0.974184
0.930341
0.913445
-0.175406
0.999269
-0.942035
-0.85004
-0.397576
-0.975255
0.942028
0.921739
-0.071039
0.999246
-0.934914
-0.842679
-0.214818
-0.976177
0.952913
0.927938
0.0920735
0.999225
-0.924043
-0.834569
-0.0292862
-0.97697
0.960699
0.932157
0.226636
0.999203
-0.912431
-0.825038
0.0770804
-0.977683
0.965032
0.935384
0.250113
0.999181
-0.906148
-0.814862
0.0829376
-0.978386
0.967229
0.939526
0.123637
0.99916
-0.909486
-0.805279
0.00664227
-0.979119
0.968617
0.9456
-0.145967
0.999141
-0.920876
-0.797016
-0.129211
-0.97984
0.9695
0.952552
-0.456089
0.999125
-0.934563
-0.789868
-0.281725
-0.98047
0.969936
0.958724
-0.674218
0.999111
-0.945436
-0.783077
-0.389543
-0.980957
0.970618
0.963431
-0.780604
0.999102
-0.951636
-0.776369
-0.414019
-0.981283
0.972424
0.966833
-0.813783
0.999098
-0.953257
-0.770053
-0.341812
-0.981445
0.975505
0.969226
-0.795566
0.999099
-0.950555
-0.764196
-0.170895
-0.981445
0.979202
0.970763
-0.724013
0.999105
-0.943605
-0.75851
0.0608981
-0.981281
0.982505
0.971446
-0.595554
0.999115
-0.933342
-0.753108
0.259993
-0.980955
0.984594
0.971233
-0.451548
0.999129
-0.923311
-0.749173
0.354155
-0.980486
0.9852
0.970364
-0.383317
0.999148
-0.919244
-0.748451
0.333864
-0.979916
0.984535
0.969532
-0.443789
0.99917
-0.924273
-0.751765
0.208207
-0.979272
0.982834
0.969265
-0.590589
0.999196
-0.935528
-0.758284
-0.00757379
-0.978521
0.979985
0.969254
-0.730593
0.999225
-0.94724
-0.766016
-0.247603
-0.977598
0.975984
0.968859
-0.811774
0.999256
-0.955403
-0.773031
-0.414156
-0.976455
0.971765
0.967811
-0.835468
0.999288
-0.958878
-0.778912
-0.463963
-0.975061
0.968968
0.966115
-0.805762
0.999323
-0.957799
-0.784769
-0.394394
-0.973371
0.968549
0.963679
-0.695071
0.999359
-0.951957
-0.791507
-0.206235
-0.971333
0.969988
0.960145
-0.437093
0.999396
-0.940723
-0.799095
0.0438436
-0.968884
0.971384
0.954771
-0.0407037
0.999432
-0.925494
-0.807505
0.216229
-0.965982
0.970318
0.946681
0.272222
0.999467
-0.913574
-0.817464
0.236591
-0.962704
0.965665
0.936702
0.369311
0.9995
-0.913497
-0.829141
0.130416
-0.959246
0.958213
0.928036
0.284599
0.999531
-0.924484
-0.841182
-0.0785889
-0.955655
0.947797
0.921901
0.0809111
0.999559
-0.938533
-0.851324
-0.338445
-0.951789
0.932822
0.916326
-0.119709
0.999584
-0.948604
-0.857395
-0.534406
-0.947506
0.9147
0.909533
-0.203139
0.999607
-0.952702
-0.85997
-0.614109
-0.942709
0.899245
0.901093
-0.158814
0.999628
-0.952849
-0.863512
-0.597654
-0.937273
0.890552
0.890689
-0.0145913
0.99965
-0.951258
-0.87142
-0.496362
-0.931087
0.888663
0.877847
0.189328
0.99967
-0.9493
-0.883607
-0.306205
-0.924134
0.891886
0.862633
0.384819
0.999689
-0.94853
-0.898369
-0.0521253
-0.916514
0.897581
0.845994
0.518342
0.999707
-0.950225
-0.913377
0.191209
-0.908407
0.902773
0.829357
0.576314
0.999722
-0.954664
-0.926675
0.351528
-0.899994
0.904501
0.813558
0.562809
0.999734
-0.960966
-0.937207
0.404449
-0.89139
0.900061
0.798144
0.479181
0.999744
-0.967653
-0.944713
0.353083
-0.882638
0.887221
0.781841
0.337478
0.999751
-0.973217
-0.949237
0.21666
-0.873766
0.865306
0.763666
0.191126
0.999756
-0.976638
-0.950948
0.0578397
-0.864839
0.838168
0.743956
0.103114
0.999758
-0.977999
-0.950827
-0.033028
-0.855966
0.815396
0.724381
0.0680992
0.999761
-0.978745
-0.951377
-0.00452175
-0.847236
0.806416
0.706775
0.0384809
0.999764
-0.980504
-0.955031
0.150543
-0.838744
0.814545
0.692446
-0.00355776
0.999768
-0.983454
-0.961746
0.403375
-0.830677
0.837242
0.682178
-0.0373134
0.999773
-0.986605
-0.969471
0.667443
-0.823336
0.868166
0.676398
-0.0165696
0.999778
-0.988925
-0.976105
0.851364
-0.817076
0.900146
0.67535
0.109819
0.999781
-0.989902
-0.9807
0.94253
-0.812247
0.927934
0.679035
0.35369
0.999784
-0.989341
-0.9833
0.978429
-0.809137
0.948937
0.686804
0.62807
0.999784
-0.987022
-0.984283
0.991019
-0.807966
0.962949
0.697318
0.817805
0.999783
-0.982645
-0.983998
0.995357
-0.808888
0.971374
0.709368
0.911753
0.99978
-0.975945
-0.982632
0.996834
-0.811988
0.975949
0.722539
0.952535
0.999777
-0.966771
-0.980154
0.997079
-0.817246
0.977849
0.736901
0.969669
0.999772
-0.955278
-0.976294
0.996287
-0.82453
0.977544
0.752751
0.975755
0.999767
-0.942377
-0.970514
0.993383
-0.833635
0.974902
0.770912
0.974525
0.99976
-0.930017
-0.961862
0.983217
-0.844325
0.969172
0.792776
0.962838
0.999752
-0.921157
-0.94867
0.939385
-0.856336
0.958766
0.819783
0.919928
0.999741
-0.919283
-0.928052
0.71518
-0.869369
0.941166
0.852386
0.742854
0.999729
-0.926402
-0.895056
-0.0604358
-0.883067
0.915528
0.888786
0.113968
0.999716
-0.939687
-0.842663
-0.710458
-0.897018
0.898395
0.925077
-0.716829
0.999704
-0.958449
-0.781625
-0.888538
-0.910035
0.905946
0.953962
-0.969954
0.999698
-0.978348
-0.74708
-0.965492
-0.919748
0.900665
0.968976
-0.995459
0.999689
-0.986397
-0.698684
-0.981734
-0.927742
0.910733
0.978648
-0.999442
0.999685
-0.992969
-0.68593
-0.995874
-0.932292
0.875225
0.981898
0.949787
0.98794
-0.68403
-0.865949
-0.999069
-0.997199
-0.318904
0.156096
0.999857
0.988397
0.966579
0.769561
-0.875249
-0.996983
-0.845865
-0.963413
-0.999907
0.9917
-0.957293
0.2329
1
-0.999013
1
0.99875
0.0540054
0.991779
-0.95558
-0.950252
-0.957138
-0.997865
0.715446
0.686549
-0.69985
0.991443
-0.963489
-0.918649
-0.811786
-0.997994
0.842375
0.725484
-0.885701
0.991682
-0.986078
-0.96091
-0.557807
-0.99806
0.884219
0.721386
-0.6889
0.991567
-0.983636
-0.969855
0.576046
-0.998143
0.951456
0.730251
0.0802715
0.991461
-0.976468
-0.978015
0.974281
-0.998232
0.983041
0.741448
0.916678
0.991034
-0.93807
-0.978627
0.997489
-0.9983
0.991451
0.710764
0.988842
0.990585
-0.883748
-0.979659
0.999501
-0.998368
0.994067
0.649213
