0.996607
0.74729
0.919906
0.917054
0.998797
0.823086
-0.9937
-0.501645
1
0.999709
0.999991
0.999825
0.998205
0.810772
-0.997645
-0.731105
0.99999
0.991446
0.999969
0.99826
0.989018
0.63006
-0.996536
-0.787328
0.999391
0.94588
0.999981
0.99684
0.782901
0.0679274
-0.993949
-0.860924
0.755885
0.306501
0.999995
0.995637
-0.863644
-0.800538
-0.947368
-0.797338
-0.881533
-0.723914
1
0.998026
-0.999293
-0.986462
-0.184671
-0.49723
-0.999995
-0.998522
0.422997
-0.630915
-1
-1
-0.999747
-0.999941
-0.962296
-0.887746
0.999828
0.970475
-0.830251
-0.904318
-0.996774
-0.796004
0.951735
0.316878
0.999942
0.996657
0.540805
-0.398032
-0.999854
-0.956317
0.66845
-0.0429944
0.999297
0.974456
0.801798
-0.285017
-0.999683
-0.894363
0.985503
0.617274
0.999374
0.98753
0.966795
0.270368
-0.99994
-0.955871
0.972616
0.604711
0.995903
0.945657
0.936235
0.123916
-0.999948
-0.964166
0.964706
0.546395
0.997357
0.957819
0.93314
0.108541
-0.999925
-0.956851
0.942212
0.469179
0.997981
0.957736
0.802006
-0.151799
-0.999888
-0.958544
0.725303
0.0905094
0.999195
0.966256
0.169711
-0.563369
-0.999583
-0.934796
0.0571369
-0.350663
0.999827
0.981794
-0.708583
-0.830062
-0.998014
-0.887483
-0.453783
-0.569213
0.999953
0.989286
-0.950703
-0.928068
-0.995111
-0.873583
-0.835072
-0.748531
0.999973
0.989064
-0.987785
-0.963023
-0.990178
-0.858518
-0.909549
-0.80334
0.999981
0.989119
-0.992849
-0.97097
-0.986693
-0.852589
-0.913689
-0.805668
0.999983
0.989592
-0.99049
-0.966874
-0.985354
-0.8377
-0.771341
-0.705078
0.999985
0.992238
-0.969537
-0.942317
-0.988352
-0.825292
-0.0871406
-0.427351
0.999986
0.995014
-0.805527
-0.853059
-0.994501
-0.844704
0.608999
-0.0895071
0.99998
0.99571
-0.0116369
-0.60791
-0.997874
-0.871832
0.883106
0.255789
0.999954
0.994361
0.712133
-0.225545
-0.9992
-0.905319
0.93325
0.441184
0.999836
0.987833
0.85204
-0.0232476
-0.999539
-0.924774
0.927193
0.461797
0.999682
0.979944
0.79449
-0.0956635
-0.999573
-0.934525
0.821017
0.268248
0.999735
0.978115
0.41744
-0.394409
-0.999237
-0.926434
0.394171
-0.113331
0.999897
0.984158
-0.469991
-0.724862
-0.997556
-0.892366
-0.225861
-0.431802
0.999969
0.990486
-0.904815
-0.889253
-0.993384
-0.863843
-0.684219
-0.639329
0.999984
0.991755
-0.980235
-0.948354
-0.987579
-0.853764
-0.88482
-0.767148
0.999987
0.990538
-0.992467
-0.967776
-0.982512
-0.849291
-0.931218
-0.813275
0.999987
0.989333
-0.993949
-0.971366
-0.981536
-0.847553
-0.915298
-0.797721
0.999986
0.989494
-0.989301
-0.963355
-0.984473
-0.840781
-0.741336
-0.679108
0.999984
0.991728
-0.955952
-0.929527
-0.990569
-0.838365
0.0148736
-0.379706
0.99998
0.994126
-0.665123
-0.804986
-0.99662
-0.865706
0.67232
-0.0319794
0.99996
0.993959
0.365209
-0.478232
-0.998972
-0.896017
0.908823
0.327461
0.999853
0.989759
0.853958
-0.0560137
-0.9997
-0.931978
0.945205
0.493454
0.999275
0.973559
0.908621
0.0825425
-0.999858
-0.951926
0.940783
0.497966
0.998569
0.959204
0.86463
-0.013934
-0.999889
-0.960784
0.877284
0.338598
0.998681
0.956944
0.661177
-0.272652
-0.999847
-0.959158
0.592146
-0.00772209
0.999304
0.964328
-0.00718863
-0.611327
-0.999614
-0.943102
-0.101257
-0.40207
0.99974
0.975114
-0.715082
-0.830833
-0.998846
-0.915013
-0.559357
-0.606633
0.999876
0.980905
-0.917346
-0.910928
-0.998017
-0.906398
-0.781127
-0.718097
0.999899
0.980145
-0.955749
-0.935641
-0.997548
-0.902652
-0.783028
-0.722729
0.999897
0.980392
-0.934738
-0.924437
-0.997804
-0.897702
-0.488426
-0.595648
0.999882
0.983582
-0.737229
-0.8523
-0.998642
-0.894528
0.396112
-0.251152
0.999835
0.987125
0.203271
-0.59449
-0.999538
-0.916109
0.838726
0.142439
0.999546
0.982744
0.831031
-0.164936
-0.999868
-0.945157
0.938035
0.426014
0.99796
0.961555
0.922438
0.0740663
-0.999952
-0.966619
0.957678
0.530041
0.99504
0.936373
0.917591
0.0796281
-0.99997
-0.975702
0.953824
0.515693
0.994454
0.931396
0.888962
0.00882738
-0.99997
-0.977108
0.917322
0.401108
0.995528
0.932046
0.737904
-0.216831
-0.999957
-0.976361
0.725591
0.0915741
0.99779
0.94388
0.235659
-0.532861
-0.999883
-0.965731
0.104423
-0.318257
0.999232
0.960318
-0.52621
-0.778415
-0.999552
-0.940764
-0.46532
-0.565622
0.999712
0.971893
-0.849697
-0.881661
-0.998916
-0.922153
-0.694474
-0.668946
0.999831
0.975698
-0.920283
-0.913346
-0.998347
-0.913551
-0.706476
-0.674702
0.999867
0.978262
-0.895598
-0.901731
-0.998139
-0.903467
-0.376002
-0.535769
0.999881
0.983164
-0.659065
-0.819708
-0.998599
-0.898451
0.408044
-0.20877
0.999863
0.986914
0.178726
-0.571536
-0.999377
-0.916208
0.795002
0.13048
0.999714
0.983282
0.740649
-0.225638
-0.999742
-0.939607
0.891159
0.346865
0.999208
0.969449
0.834041
-0.0672263
-0.999856
-0.956838
0.885963
0.371845
0.998778
0.956613
0.760711
-0.145194
-0.999858
-0.962271
0.787115
0.226417
0.999121
0.958411
0.490822
-0.356807
-0.999747
-0.956081
0.436415
-0.069432
0.999609
0.967511
-0.190316
-0.635478
-0.999265
-0.936622
-0.192879
-0.389337
0.99987
0.978246
-0.753914
-0.820639
-0.997672
-0.906094
-0.544801
-0.55141
0.999948
0.984663
-0.91761
-0.894681
-0.995375
-0.891358
-0.731705
-0.645372
0.999967
0.986145
-0.954283
-0.9204
-0.992865
-0.878354
-0.718913
-0.636703
0.999975
0.988004
-0.944818
-0.912232
-0.991973
-0.868936
-0.48828
-0.523432
0.999978
0.990369
-0.86302
-0.861871
-0.993426
-0.865664
0.107116
-0.276043
0.999978
0.992441
-0.498712
-0.719689
-0.996349
-0.881388
0.584431
-0.00326398
0.999967
0.992118
0.205117
-0.469235
-0.998151
-0.901511
0.788727
0.225929
0.999931
0.988656
0.57244
-0.252729
-0.998955
-0.92301
0.787664
0.272418
0.999869
0.98159
0.517567
-0.271409
-0.999034
-0.931535
0.621856
0.130222
0.999882
0.979535
0.0846836
-0.477814
-0.998424
-0.924249
0.174298
-0.150514
0.999943
0.983829
-0.559767
-0.712834
-0.996043
-0.897931
-0.284322
-0.380749
0.999977
0.988981
-0.870074
-0.847346
-0.991319
-0.875025
-0.609241
-0.541171
0.999987
0.990689
-0.954223
-0.908187
-0.98501
-0.859881
-0.758816
-0.629498
0.99999
0.990956
-0.973411
-0.92965
-0.979789
-0.849476
-0.77684
-0.642789
0.999991
0.991271
-0.971655
-0.928003
-0.978809
-0.842822
-0.652209
-0.570813
0.999991
0.9923
-0.943651
-0.900412
-0.983083
-0.84256
-0.249595
-0.391131
0.999991
0.993652
-0.813754
-0.82039
-0.990251
-0.85713
0.302863
-0.148429
0.999987
0.994054
-0.355557
-0.64657
-0.995395
-0.879786
0.658058
0.0929091
0.999975
0.992626
0.272923
-0.406704
-0.997849
-0.904388
0.76676
0.234731
0.99994
0.987934
0.493022
-0.281092
-0.998696
-0.92272
0.707372
0.20231
0.999898
0.981952
0.306519
-0.378194
-0.998718
-0.928486
0.419518
-0.0112005
0.999914
0.981218
-0.237324
-0.600858
-0.997832
-0.916265
-0.0506391
-0.27346
0.999954
0.985311
-0.710652
-0.777794
-0.995654
-0.894586
-0.406211
-0.451482
0.999974
0.988274
-0.889759
-0.865799
-0.993193
-0.882971
-0.628315
-0.566983
0.999979
0.988664
-0.937973
-0.901082
-0.991415
-0.874919
-0.653052
-0.586941
0.99998
0.988995
-0.933333
-0.899837
-0.991942
-0.873081
-0.497418
-0.519247
0.999977
0.989687
-0.861311
-0.860022
-0.994232
-0.875023
-0.0240588
-0.331477
0.99997
0.990735
-0.544836
-0.74254
-0.997082
-0.889871
0.486674
-0.0837541
0.999947
0.989951
0.154042
-0.516076
-0.99877
-0.91162
0.743773
0.143069
0.999865
0.985057
0.586846
-0.29128
-0.999461
-0.934607
0.786389
0.226059
0.99966
0.974187
0.608891
-0.267742
-0.999656
-0.948572
0.686034
0.128894
0.999543
0.967061
0.346108
-0.426615
-0.999624
-0.949897
0.375844
-0.107403
0.999664
0.969483
-0.173072
-0.635079
-0.999347
-0.938423
-0.0729786
-0.348409
0.999806
0.9753
-0.619779
-0.781873
-0.998813
-0.923196
-0.385026
-0.496747
0.99987
0.978889
-0.798715
-0.848565
-0.998358
-0.914651
-0.491752
-0.552473
0.999886
0.980116
-0.817047
-0.859777
-0.998292
-0.910299
-0.338712
-0.499333
0.999877
0.98157
-0.668651
-0.8136
-0.998702
-0.910101
0.1333
-0.319686
0.999839
0.983019
-0.153323
-0.672902
-0.999307
-0.919799
0.594393
-0.0663597
0.999708
0.980938
0.473438
-0.439019
-0.999703
-0.938527
0.776104
0.130933
0.999284
0.970819
0.687361
-0.281117
-0.999856
-0.955579
0.799298
0.184505
0.998622
0.957023
0.64266
-0.308333
-0.999896
-0.964263
0.714532
0.0866872
0.998533
0.953055
0.428796
-0.445248
-0.999875
-0.963188
0.476426
-0.112405
0.998951
0.957346
0.000779399
-0.621192
-0.999788
-0.955075
0.0650485
-0.338371
0.999372
0.964033
-0.455292
-0.759655
-0.999599
-0.942322
-0.253415
-0.48162
0.9996
0.969643
-0.667239
-0.823248
-0.999395
-0.932342
-0.330831
-0.520101
0.99968
0.972975
-0.668357
-0.826768
-0.99933
-0.926703
-0.129594
-0.450084
0.999685
0.975912
-0.423843
-0.764746
-0.999454
-0.925308
0.322305
-0.262822
0.999617
0.977815
0.13207
-0.610339
-0.999678
-0.933586
0.654541
-0.0404098
0.999364
0.974384
0.550641
-0.419313
-0.999831
-0.948051
0.76483
0.0979097
0.998806
0.964163
0.643498
-0.33969
-0.999891
-0.959189
0.751105
0.0999852
0.998428
0.956094
0.546253
-0.39723
-0.999894
-0.962365
0.625261
-0.0184253
0.998692
0.956884
0.274564
-0.530701
-0.999843
-0.957652
0.340637
-0.208888
0.999185
0.962691
-0.166784
-0.679885
-0.999703
-0.946579
-0.0252417
-0.386589
0.999541
0.969496
-0.524875
-0.780837
-0.999448
-0.932889
-0.234651
-0.476858
0.999712
0.974714
-0.658808
-0.819548
-0.9992
-0.922859
-0.2205
-0.475019
0.999778
0.978281
-0.60702
-0.805411
-0.999114
-0.916536
0.0481207
-0.371717
0.999795
0.98129
-0.322621
-0.728265
-0.999263
-0.916683
0.422255
-0.191836
0.999765
0.982362
0.141978
-0.585917
-0.999508
-0.925576
0.638496
-0.0268075
0.999661
0.979589
0.433027
-0.454403
-0.999663
-0.936688
0.68676
0.042478
0.999526
0.974394
0.448799
-0.432453
-0.999699
-0.942985
0.600367
-0.0144254
0.999533
0.972089
0.230701
-0.523314
-0.999607
-0.940314
0.370087
-0.162354
0.999688
0.974958
-0.169842
-0.657082
-0.999309
-0.928608
0.0598743
-0.319468
0.999828
0.979853
-0.53726
-0.763954
-0.998726
-0.913264
-0.170725
-0.42125
0.9999
0.983775
-0.717733
-0.819695
-0.998001
-0.900733
-0.239891
-0.451431
0.999931
0.986342
-0.752338
-0.830826
-0.997477
-0.891941
-0.108347
-0.400096
0.999944
0.988374
-0.662977
-0.798914
-0.997496
-0.888685
0.182666
-0.276295
0.999947
0.989756
-0.409944
-0.718382
-0.997992
-0.892932
0.460843
-0.124515
0.999938
0.989875
-0.0530865
-0.603202
-0.998524
-0.902217
0.602757
-0.00963551
0.99992
0.988478
0.162966
-0.517487
-0.998806
-0.910959
0.602292
0.0120085
0.999904
0.986508
0.110649
-0.528239
-0.998747
-0.913282
0.464789
-0.0713689
0.999917
0.98617
-0.18454
-0.625094
-0.998215
-0.905804
0.214866
-0.209927
0.999946
0.987998
-0.541057
-0.737194
-0.99699
-0.891022
-0.0401002
-0.332227
0.999968
0.990214
-0.761087
-0.814542
-0.995159
-0.87676
-0.217403
-0.410644
0.999979
0.991647
-0.849649
-0.853015
-0.993242
-0.865362
-0.252613
-0.427754
0.999984
0.992649
-0.863382
-0.859423
-0.99222
-0.858663
-0.138135
-0.383127
0.999986
0.993455
-0.817643
-0.836866
-0.992622
-0.857238
0.109428
-0.280625
0.999986
0.994082
-0.682619
-0.781022
-0.994148
-0.862995
0.366046
-0.154821
0.999983
0.994207
-0.436301
-0.695433
-0.995713
-0.872338
0.542722
-0.0397176
0.999979
0.993736
-0.179644
-0.608659
-0.996793
-0.883157
0.590026
0.00878378
0.999972
0.992642
-0.0987411
-0.578287
-0.99713
-0.888657
0.529725
-0.0238551
0.99997
0.99184
-0.246734
-0.625978
-0.996778
-0.887483
0.344568
-0.135049
0.999974
0.991925
-0.524999
-0.71918
-0.995491
-0.876909
0.118197
-0.255616
0.999982
0.992862
-0.743583
-0.800008
-0.993528
-0.865493
-0.107472
-0.361467
0.999986
0.99353
-0.853438
-0.85112
-0.991233
-0.854032
-0.213391
-0.412198
0.999989
0.99404
-0.889536
-0.871732
-0.990022
-0.848838
-0.218567
-0.419949
0.999989
0.9943
-0.881668
-0.869115
-0.990195
-0.845365
-0.042742
-0.3555
0.999989
0.994715
-0.818446
-0.838963
-0.992273
-0.851674
0.180189
-0.265325
0.999987
0.99478
-0.663388
-0.780798
-0.994458
-0.858462
0.455206
-0.128635
0.999983
0.994706
-0.381481
-0.689818
-0.996538
-0.874946
0.56679
-0.050518
0.999973
0.993599
-0.120964
-0.612596
-0.997495
-0.882777
0.642257
0.012357
0.999962
0.992514
-0.0251203
-0.579874
-0.998099
-0.895545
0.525006
-0.0664008
0.99995
0.990686
-0.192172
-0.641688
-0.997885
-0.890458
0.401175
-0.153531
0.999956
0.991053
-0.453063
-0.72379
-0.997543
-0.888722
0.107615
-0.307742
0.999961
0.991024
-0.68711
-0.804914
-0.99661
-0.874656
-0.00364998
-0.37069
0.999969
0.992053
-0.78465
-0.841787
-0.99636
-0.874831
-0.15397
-0.439009
0.999968
0.991771
-0.807075
-0.855776
-0.996156
-0.866202
0.0304297
-0.378972
0.999967
0.992519
-0.726452
-0.828925
-0.997164
-0.875977
0.16964
-0.328434
0.999956
0.992001
-0.524777
-0.77538
-0.997912
-0.876489
0.520235
-0.158556
0.999939
0.992188
-0.127065
-0.66601
-0.998887
-0.897829
0.603512
-0.0938296
0.999889
0.989565
0.173671
-0.581756
-0.999226
-0.903407
0.710601
-0.000973111
0.99983
0.987774
0.300571
-0.532027
-0.999491
-0.919558
0.599958
-0.0858703
0.999747
0.983587
0.127386
-0.605074
-0.999461
-0.917147
0.468934
-0.188403
0.999767
0.984012
-0.16365
-0.69649
-0.999374
-0.914507
0.202394
-0.337478
0.999797
0.984198
-0.476949
-0.784571
-0.999176
-0.90573
0.0246723
-0.426768
0.999828
0.98541
-0.621725
-0.826266
-0.999074
-0.901494
-0.0306985
-0.459194
0.999829
0.985774
-0.615482
-0.8296
-0.999123
-0.899266
0.134973
-0.406533
0.999806
0.986329
-0.420475
-0.787338
-0.999347
-0.902677
0.413865
-0.288627
0.999739
0.986192
-0.0203818
-0.69499
-0.999596
-0.911727
0.638315
-0.146365
0.999581
0.984329
0.365453
-0.575437
-0.999767
-0.924862
0.731996
-0.0517379
0.999265
0.979748
0.526739
-0.502449
-0.999847
-0.935882
0.73154
-0.0437952
0.998903
0.974525
0.494217
-0.520319
-0.999871
-0.94134
0.644729
-0.126323
0.998797
0.972063
0.295674
-0.607551
-0.999855
-0.940036
0.463001
-0.261238
0.99898
0.97297
-0.0325104
-0.710436
-0.999805
-0.933926
0.225089
-0.39092
0.999209
0.975076
-0.334938
-0.78558
-0.999738
-0.926843
0.0580016
-0.467684
0.999345
0.97687
-0.463872
-0.817142
-0.999695
-0.921739
0.0771553
-0.468703
0.999379
0.978345
-0.382819
-0.803473
-0.999712
-0.919602
0.297783
-0.386592
0.999316
0.979604
-0.0704274
-0.738279
-0.999784
-0.922445
0.565175
-0.24562
0.999104
0.979324
0.330723
-0.626443
-0.999862
-0.931246
0.71933
-0.112498
0.998626
0.97582
0.564809
-0.520934
-0.99991
-0.941503
0.768751
-0.0436777
0.997955
0.970095
0.616861
-0.484315
-0.99993
-0.948463
0.74626
-0.0602015
0.9976
0.966085
0.537113
-0.52667
-0.999928
-0.95001
0.649501
-0.15174
0.997872
0.966096
0.320827
-0.618657
-0.999905
-0.946226
0.46082
-0.284502
0.99845
0.968934
-0.0148343
-0.717913
-0.999856
-0.938535
0.223621
-0.405367
0.998938
0.972493
-0.314073
-0.787207
-0.999784
-0.929882
0.0724059
-0.46938
0.99922
0.975555
-0.434007
-0.813314
-0.999723
-0.923015
0.111126
-0.45733
0.999346
0.978162
-0.344602
-0.794817
-0.999712
-0.919142
0.332993
-0.365584
0.999364
0.980269
-0.045528
-0.726957
-0.99976
-0.92066
0.573721
-0.226515
0.999268
0.980602
0.306849
-0.621584
-0.999825
-0.92787
0.7021
-0.107836
0.999041
0.978215
0.497766
-0.53407
-0.999865
-0.935845
0.729739
-0.0600456
0.998821
0.974691
0.507362
-0.518736
-0.999872
-0.940051
0.673947
-0.0997131
0.998865
0.973176
0.354623
-0.578749
-0.999841
-0.938164
0.524091
-0.207268
0.999166
0.974882
0.0430902
-0.676085
-0.999753
-0.930273
0.292265
-0.333674
0.999477
0.978283
-0.312109
-0.763048
-0.999587
-0.919101
0.0814666
-0.424558
0.999672
0.981569
-0.531435
-0.812484
-0.999373
-0.908754
0.010952
-0.451023
0.999769
0.984159
-0.576732
-0.82142
-0.999208
-0.901298
0.129297
-0.402969
0.999814
0.986289
-0.45607
-0.789487
-0.999193
-0.898422
0.370232
-0.290397
0.999825
0.987701
-0.173044
-0.715073
-0.999316
-0.901986
0.571284
-0.159923
0.999807
0.987719
0.133242
-0.619774
-0.999452
-0.909426
0.660974
-0.0696475
0.999771
0.986344
0.273345
-0.559483
-0.99951
-0.915754
0.644165
-0.0617946
0.999757
0.984795
0.192189
-0.578297
-0.999445
-0.91638
0.521806
-0.138551
0.999803
0.984878
-0.0908062
-0.660715
-0.999191
-0.909309
0.306822
-0.256945
0.999873
0.986702
-0.439518
-0.752589
-0.998656
-0.896902
0.0824036
-0.358646
0.999924
0.988848
-0.67073
-0.815182
-0.997869
-0.884711
-0.0552115
-0.412987
0.999949
0.990448
-0.762584
-0.842433
-0.997076
-0.875319
-0.0434638
-0.405851
0.999962
0.991671
-0.756312
-0.837683
-0.996673
-0.87016
0.115319
-0.337764
0.999967
0.99263
-0.655303
-0.800986
-0.996851
-0.870552
0.342507
-0.226847
0.999967
0.993162
-0.443051
-0.732337
-0.997386
-0.876404
0.522296
-0.111693
0.999963
0.993035
-0.187649
-0.649987
-0.997875
-0.88457
0.603341
-0.0361013
0.999957
0.992274
-0.0527422
-0.598826
-0.99808
-0.891035
0.576943
-0.0366261
0.999954
0.99139
-0.133392
-0.617283
-0.997857
-0.891295
0.445939
-0.111866
0.999961
0.991311
-0.385657
-0.691432
-0.997045
-0.884061
0.233412
-0.22362
0.999972
0.992117
-0.646164
-0.773275
-0.995482
-0.872085
0.0170534
-0.322774
0.999982
0.993083
-0.800206
-0.830536
-0.993391
-0.860944
-0.138044
-0.387641
0.999986
0.99373
-0.863917
-0.85944
-0.991384
-0.852113
-0.170814
-0.400783
0.999989
0.99422
-0.872824
-0.863195
-0.990489
-0.848029
-0.0832233
-0.364702
0.999989
0.994606
-0.835815
-0.843678
-0.991055
-0.848317
0.118457
-0.278807
0.999989
0.994921
-0.731814
-0.797346
-0.992812
-0.855289
0.328201
-0.175667
0.999987
0.994886
-0.542446
-0.727497
-0.994586
-0.864413
0.495857
-0.0721663
0.999984
0.994483
-0.319783
-0.651078
-0.995965
-0.876246
0.545333
-0.0255343
0.999979
0.993492
-0.211915
-0.613485
-0.99651
-0.882545
0.515434
-0.0349007
0.999975
0.99264
-0.285161
-0.635076
-0.996473
-0.885635
0.353922
-0.126361
0.999976
0.992132
-0.496761
-0.706644
-0.995539
-0.87857
0.169581
-0.224628
0.999981
0.992615
-0.690566
-0.776119
-0.994238
-0.872209
-0.0551336
-0.329609
0.999984
0.992892
-0.807029
-0.826731
-0.992538
-0.862354
-0.142973
-0.372896
0.999986
0.993342
-0.847101
-0.846619
-0.991968
-0.861061
-0.182686
-0.393028
0.999986
0.993318
-0.838081
-0.844566
-0.992106
-0.857664
-0.0115937
-0.327947
0.999985
0.993664
-0.759455
-0.81034
-0.993954
-0.866827
0.152201
-0.258632
0.999982
0.993318
-0.587898
-0.750922
-0.99553
-0.871866
0.426597
-0.121974
0.999975
0.993077
-0.297025
-0.656
-0.997264
-0.890118
0.498712
-0.0671934
0.99996
0.991113
-0.0774269
-0.589706
-0.99794
-0.89642
0.572216
-0.0114626
0.999944
0.98964
-0.0136228
-0.56497
-0.998434
-0.909221
0.422379
-0.0990175
0.999928
0.986998
-0.198886
-0.633304
-0.998253
-0.905439
0.276946
-0.188368
0.999935
0.987404
-0.43371
-0.709457
-0.997988
-0.903469
0.0239589
-0.314401
0.999942
0.987378
-0.632418
-0.77872
-0.997461
-0.895072
-0.0825984
-0.371716
0.999949
0.988245
-0.704849
-0.80646
-0.997348
-0.893775
-0.117391
-0.393821
0.999947
0.98818
-0.682901
-0.803395
-0.997536
-0.892446
0.0499541
-0.333439
0.999939
0.98844
-0.525172
-0.757028
-0.998188
-0.898914
0.271471
-0.237806
0.999916
0.987672
-0.224045
-0.67338
-0.998806
-0.907724
0.489805
-0.116932
0.999871
0.985862
0.104895
-0.570707
-0.999269
-0.92097
0.571348
-0.0515517
0.999784
0.981738
0.241739
-0.520684
-0.999482
-0.930867
0.543432
-0.0642693
0.999698
0.97759
0.163991
-0.551852
-0.999541
-0.935672
0.396212
-0.158496
0.999677
0.975587
-0.0781034
-0.637575
-0.999478
-0.933697
0.181975
-0.278471
0.999719
0.976321
-0.33967
-0.719265
-0.999346
-0.928274
0.00266072
-0.368618
0.999759
0.977676
-0.49355
-0.766715
-0.999241
-0.923799
-0.0538761
-0.401405
0.999772
0.97861
-0.499777
-0.772748
-0.999251
-0.922009
0.0559321
-0.364514
0.999752
0.979145
-0.338358
-0.733453
-0.999393
-0.924092
0.286578
-0.266204
0.999687
0.97871
-0.0256017
-0.649354
-0.999585
-0.930977
0.495727
-0.148364
0.999539
0.975949
0.262579
-0.552379
-0.999733
-0.940802
0.592205
-0.0718272
0.999293
0.970473
0.368214
-0.505308
-0.999809
-0.949195
0.577638
-0.0747096
0.999079
0.965183
0.294715
-0.534423
-0.999826
-0.952861
0.465163
-0.150707
0.999074
0.963494
0.0919886
-0.609557
-0.999799
-0.951307
0.279923
-0.258572
0.999222
0.964966
-0.156614
-0.687532
-0.999738
-0.94652
0.0995686
-0.348961
0.999373
0.967467
-0.331499
-0.737888
-0.999669
-0.941308
0.0248363
-0.38669
0.999459
0.969743
-0.360768
-0.748209
-0.999636
-0.9379
0.102324
-0.358909
0.999474
0.971398
-0.226324
-0.715106
-0.999667
-0.937603
0.294037
-0.273094
0.999413
0.97183
0.0328161
-0.642285
-0.99974
-0.941363
0.477897
-0.167
0.999255
0.969834
0.263429
-0.560288
-0.999808
-0.947918
0.567009
-0.095783
0.999027
0.965493
0.343992
-0.520615
-0.999845
-0.953619
0.555705
-0.0931707
0.998895
0.961791
0.274482
-0.543239
-0.999845
-0.955558
0.455099
-0.154518
0.998989
0.961422
0.0926689
-0.606122
-0.999808
-0.953136
0.28755
-0.246752
0.99921
0.96386
-0.134201
-0.675058
-0.999733
-0.947608
0.121303
-0.326658
0.999413
0.967345
-0.30343
-0.722068
-0.999635
-0.941202
0.0450455
-0.361101
0.999543
0.970636
-0.349236
-0.734105
-0.999557
-0.936187
0.0976814
-0.338599
0.999605
0.973196
-0.259494
-0.708501
-0.99954
-0.934012
0.2481
-0.267124
0.999615
0.974598
-0.0673676
-0.650416
-0.999584
-0.935486
0.401188
-0.178883
0.999583
0.974224
0.117342
-0.584681
-0.999642
-0.939526
0.477302
-0.119418
0.999535
0.972349
0.18491
-0.551436
-0.999666
-0.94299
0.45747
-0.11791
0.999534
0.970881
0.110605
-0.570165
-0.999628
-0.943035
0.351263
-0.170651
0.99961
0.971573
-0.0698516
-0.624757
-0.999508
-0.938731
0.195608
-0.246216
0.999716
0.974182
-0.276317
-0.684039
-0.999291
-0.931394
0.0600422
-0.307011
0.999801
0.977364
-0.422313
-0.724154
-0.999012
-0.923617
0.0055855
-0.32928
0.999853
0.980171
-0.470466
-0.735432
-0.998763
-0.917547
0.0525203
-0.306048
0.999882
0.982313
-0.420655
-0.716649
-0.998641
-0.91442
0.174128
-0.245554
0.999894
0.983648
-0.294162
-0.672978
-0.998661
-0.914679
0.301273
-0.173241
0.999896
0.984013
-0.155492
-0.622219
-0.998729
-0.917084
0.370387
-0.12237
0.999895
0.983628
-0.0929371
-0.59304
-0.998722
-0.918988
0.356002
-0.11656
0.9999
0.983302
-0.151242
-0.604446
-0.998537
-0.917793
0.265074
-0.155456
0.999918
0.983897
-0.304402
-0.648668
-0.998089
-0.912456
0.134528
-0.215274
0.99994
0.985439
-0.476523
-0.70088
-0.997337
-0.904292
0.0178476
-0.267334
0.999958
0.987249
-0.602067
-0.740666
-0.996373
-0.895822
-0.0439203
-0.293498
0.999969
0.988811
-0.662075
-0.759601
-0.99544
-0.888902
-0.0316993
-0.286153
0.999975
0.990016
-0.662347
-0.756415
-0.994837
-0.884671
0.0464532
-0.248074
0.999978
0.990863
-0.611676
-0.733456
-0.994694
-0.883523
0.156571
-0.191808
0.99998
0.991332
-0.526117
-0.697657
-0.994869
-0.884883
0.250859
-0.137657
0.99998
0.991431
-0.444139
-0.663317
-0.995053
-0.887066
0.293158
-0.106336
0.99998
0.991309
-0.416251
-0.648299
-0.99495
-0.887966
0.269567
-0.110263
0.999981
0.991259
-0.466406
-0.66219
-0.994339
-0.885864
0.189273
-0.14609
0.999984
0.991536
-0.57015
-0.698166
-0.993092
-0.880482
0.0797631
-0.197744
0.999987
0.99211
-0.677974
-0.739895
-0.991248
-0.873073
-0.0233134
-0.246446
0.999989
0.992757
-0.756101
-0.773795
-0.989124
-0.865551
-0.0903821
-0.278556
0.999991
0.993313
-0.797584
-0.793661
-0.987291
-0.859459
-0.102959
-0.286244
0.999992
0.993748
-0.8067
-0.798069
-0.986367
-0.855946
-0.0582451
-0.268326
0.999993
0.994071
-0.786801
-0.787645
-0.986623
-0.855521
0.0312713
-0.229575
0.999993
0.994269
-0.738973
-0.764425
-0.987823
-0.858053
0.135781
-0.181541
0.999992
0.9943
-0.669661
-0.733725
-0.989362
-0.862395
0.222461
-0.138546
0.999991
0.994152
-0.599799
-0.705231
-0.990698
-0.867082
0.264987
-0.11541
0.99999
0.993867
-0.561472
-0.690903
-0.991498
-0.870366
0.25571
-0.119637
0.99999
0.993582
-0.574346
-0.69738
-0.99169
-0.871317
0.19891
-0.150242
0.999989
0.993423
-0.62899
-0.72136
-0.991336
-0.869626
0.117643
-0.194553
0.99999
0.993443
-0.695022
-0.751548
-0.990704
-0.866568
0.0373526
-0.238761
0.99999
0.993545
-0.746482
-0.777306
-0.990149
-0.863379
-0.0103978
-0.268268
0.99999
0.99366
-0.77093
-0.791752
-0.990122
-0.861805
-0.011609
-0.277005
0.99999
0.993713
-0.764853
-0.792435
-0.9908
-0.862265
0.0443356
-0.260452
0.999989
0.993703
-0.723779
-0.778188
-0.992135
-0.865629
0.137192
-0.225897
0.999987
0.99354
-0.64434
-0.750823
-0.993697
-0.87091
0.246213
-0.180419
0.999983
0.993189
-0.532754
-0.715069
-0.995156
-0.877993
0.326983
-0.143917
0.999978
0.992535
-0.423467
-0.683448
-0.996221
-0.884533
0.367125
-0.126587
0.999972
0.991704
-0.361498
-0.668737
-0.996908
-0.890104
0.346369
-0.143061
0.999965
0.990806
-0.374086
-0.679328
-0.997234
-0.892521
0.288235
-0.182168
0.99996
0.990217
-0.438914
-0.706557
-0.997368
-0.893072
0.204863
-0.234273
0.999957
0.989867
-0.514203
-0.737313
-0.997413
-0.891859
0.146874
-0.274059
0.999954
0.989754
-0.55673
-0.757207
-0.997551
-0.891616
0.130485
-0.293953
0.999949
0.989562
-0.54739
-0.760943
-0.997822
-0.892439
0.182879
-0.282581
0.999939
0.989302
-0.471949
-0.74495
-0.998236
-0.895943
0.275364
-0.249672
0.999923
0.988697
-0.335631
-0.71287
-0.998662
-0.90117
0.379959
-0.204861
0.999895
0.987684
-0.173099
-0.67347
-0.999022
-0.908067
0.445715
-0.174016
0.999853
0.986055
-0.0561202
-0.646201
-0.999258
-0.91432
0.459779
-0.171593
0.999803
0.9842
-0.0292768
-0.645199
-0.99939
-0.918786
0.417235
-0.204187
0.999758
0.982609
-0.0904694
-0.670582
-0.999443
-0.920388
0.340956
-0.25629
0.999731
0.981763
-0.190944
-0.705784
-0.999459
-0.92001
0.265281
-0.306161
0.999713
0.981449
-0.270133
-0.73365
-0.999474
-0.919102
0.232825
-0.333877
0.99969
0.981312
-0.281317
-0.743295
-0.999517
-0.919118
0.267591
-0.329769
0.999646
0.981042
-0.205318
-0.730988
-0.999594
-0.920919
0.358284
-0.29615
0.999566
0.980361
-0.0564092
-0.699249
-0.999684
-0.924799
0.460205
-0.248723
0.999432
0.978931
0.10627
-0.659779
-0.999763
-0.930106
0.529634
-0.211038
0.999241
0.976664
0.21221
-0.631978
-0.999817
-0.935287
0.548983
-0.202084
0.999029
0.974118
0.230828
-0.630442
-0.999845
-0.938782
0.520182
-0.226239
0.998874
0.972228
0.171557
-0.653926
-0.999854
-0.939913
0.456001
-0.272385
0.998817
0.971467
0.067836
-0.68868
-0.999851
-0.939087
0.382487
-0.320686
0.998825
0.971585
-0.0293786
-0.718739
-0.999844
-0.937383
0.337093
-0.351678
0.998836
0.972078
-0.0692121
-0.732881
-0.999843
-0.935968
0.349419
-0.353379
0.998803
0.972547
-0.0251692
-0.72625
-0.999853
-0.935737
0.417512
-0.325149
0.998694
0.972639
0.0902969
-0.700277
-0.999872
-0.937182
0.505655
-0.279088
0.998495
0.971984
0.224785
-0.664311
-0.999894
-0.940065
0.573357
-0.236013
0.998223
0.970486
0.318835
-0.634682
-0.99991
-0.943263
0.601369
-0.214862
0.997966
0.968695
0.344105
-0.625716
-0.999917
-0.945414
0.587696
-0.223799
0.997856
0.96754
0.3005
-0.640636
-0.999916
-0.945685
0.53729
-0.258357
0.997948
0.967568
0.202921
-0.671491
-0.999907
-0.944012
0.463705
-0.304298
0.998175
0.968652
0.083862
-0.704921
-0.999891
-0.940964
0.39491
-0.343174
0.998425
0.970315
-0.0087473
-0.728508
-0.999873
-0.93749
0.365217
-0.359611
0.998622
0.972096
-0.0346736
-0.734767
-0.999859
-0.934581
0.391828
-0.347004
0.99874
0.973657
0.0160085
-0.72195
-0.999854
-0.933017
0.458582
-0.310334
0.998785
0.974693
0.115377
-0.694621
-0.999858
-0.933096
0.527224
-0.265654
0.998778
0.975011
0.209307
-0.664638
-0.999864
-0.934236
0.566695
-0.233102
0.998769
0.974811
0.250927
-0.647273
-0.999864
-0.935119
0.56499
-0.226655
0.998822
0.974723
0.220675
-0.651977
-0.999852
-0.934475
0.522194
-0.248148
0.998965
0.975343
0.122695
-0.676582
-0.999823
-0.931697
0.448485
-0.287092
0.999162
0.976787
-0.0151504
-0.709683
-0.999775
-0.927055
0.369177
-0.325589
0.999352
0.97873
-0.143506
-0.737813
-0.99971
-0.921544
0.319911
-0.346483
0.999497
0.980754
-0.216349
-0.751633
-0.999641
-0.916415
0.325369
-0.340268
0.999595
0.982567
-0.215067
-0.747686
-0.999588
-0.912707
0.380054
-0.308311
0.999654
0.98398
-0.151936
-0.728039
-0.999559
-0.910953
0.450565
-0.263202
0.999689
0.984872
-0.0674878
-0.701054
-0.999545
-0.91077
0.500367
-0.224043
0.999712
0.9853
-0.0155577
-0.680498
-0.999521
-0.910846
0.509435
-0.207286
0.99974
0.985574
-0.0344982
-0.678702
-0.999462
-0.909617
0.474139
-0.218632
0.99978
0.986088
-0.129397
-0.697861
-0.999343
-0.906108
0.404592
-0.250188
0.999827
0.987024
-0.269052
-0.728664
-0.999146
-0.900477
0.325684
-0.285148
0.999871
0.988239
-0.4013
-0.757741
-0.998878
-0.893904
0.269996
-0.307024
0.999904
0.989469
-0.486643
-0.775569
-0.998582
-0.887835
0.261286
-0.306116
0.999925
0.990544
-0.513433
-0.778432
-0.998327
-0.883359
0.301009
-0.281554
0.999938
0.991391
-0.488014
-0.766955
-0.998164
-0.881004
0.367199
-0.241222
0.999946
0.991973
-0.42893
-0.745649
-0.998086
-0.880538
0.428224
-0.199226
0.99995
0.992296
-0.369207
-0.723407
-0.998026
-0.880953
0.459439
-0.17089
0.999954
0.992444
-0.347994
-0.711496
-0.997895
-0.880809
0.449877
-0.166348
0.999959
0.992574
-0.387796
-0.71732
-0.99761
-0.878869
0.401151
-0.185722
0.999965
0.992834
-0.478201
-0.739016
-0.997112
-0.874733
0.32677
-0.219266
0.999972
0.993254
-0.583296
-0.767204
-0.99639
-0.86907
0.249562
-0.253149
0.999977
0.993743
-0.668799
-0.791951
-0.995521
-0.863147
0.194264
-0.275602
0.999982
0.994202
-0.720045
-0.807323
-0.994682
-0.858169
0.177975
-0.279907
0.999985
0.994583
-0.737072
-0.811302
-0.99408
-0.854961
0.20383
-0.264937
0.999986
0.994873
-0.723991
-0.804195
-0.993848
-0.853918
0.259698
-0.235053
0.999987
0.995058
-0.686023
-0.788064
-0.993956
-0.854886
0.323815
-0.198915
0.999987
0.995126
-0.633449
-0.767256
-0.994242
-0.857193
0.373571
-0.167595
0.999987
0.995077
-0.585486
-0.748681
-0.994506
-0.859756
0.393783
-0.151044
0.999986
0.994951
-0.56474
-0.739784
-0.994595
-0.861496
0.378089
-0.154931
0.999986
0.994816
-0.582954
-0.744574
-0.994426
-0.861616
0.330389
-0.177405
0.999986
0.99474
-0.631559
-0.760716
-0.994004
-0.860122
0.262648
-0.210692
0.999987
0.994739
-0.688691
-0.781345
-0.993424
-0.857619
0.195632
-0.243375
0.999988
0.994784
-0.734083
-0.79907
-0.992892
-0.855284
0.149195
-0.266205
0.999988
0.994825
-0.757358
-0.809058
-0.992634
-0.853969
0.140911
-0.271943
0.999988
0.994839
-0.754482
-0.808747
-0.992834
-0.85459
0.172045
-0.259935
0.999988
0.994791
-0.723369
-0.797606
-0.993468
-0.857145
0.236525
-0.231745
0.999986
0.994662
-0.662536
-0.776361
-0.99439
-0.861841
0.308234
-0.197519
0.999984
0.994385
-0.578947
-0.749186
-0.995322
-0.867468
0.369784
-0.165467
0.999981
0.993957
-0.493358
-0.723051
-0.996114
-0.873681
0.394742
-0.151095
0.999976
0.993351
-0.439133
-0.708279
-0.996638
-0.878448
0.385636
-0.156396
0.999972
0.992728
-0.435034
-0.709596
-0.996945
-0.882007
0.333841
-0.186052
0.999968
0.992138
-0.476646
-0.725959
-0.997047
-0.883004
0.271
-0.222518
0.999966
0.991766
-0.531445
-0.746437
-0.997103
-0.883656
0.205095
-0.25977
0.999963
0.991435
-0.57133
-0.762858
-0.997173
-0.883565
0.182668
-0.276865
0.99996
0.991203
-0.571805
-0.766597
-0.997408
-0.885494
0.195836
-0.276913
0.999954
0.990806
-0.525681
-0.756618
-0.997753
-0.888248
0.263469
-0.250927
0.999945
0.990328
-0.426402
-0.731203
-0.998199
-0.8938
0.336105
-0.218412
0.999929
0.989428
-0.297736
-0.698542
-0.998592
-0.899779
0.403477
-0.184713
0.999907
0.988229
-0.179958
-0.668265
-0.998906
-0.906749
0.42105
-0.175537
0.999877
0.986564
-0.12762
-0.657142
-0.999092
-0.911806
0.398651
-0.190531
0.999848
0.985025
-0.148645
-0.6675
-0.999191
-0.915213
0.333187
-0.230035
0.999825
0.983771
-0.221485
-0.693064
-0.999225
-0.916256
0.261366
-0.272806
0.999811
0.98307
-0.292624
-0.717418
-0.999247
-0.916575
0.212522
-0.30336
0.999796
0.982562
-0.320748
-0.729697
-0.999291
-0.917182
0.217277
-0.308548
0.999773
0.982049
-0.280602
-0.723526
-0.999377
-0.919189
0.275653
-0.287285
0.999731
0.981229
-0.173869
-0.699208
-0.999491
-0.922936
0.360597
-0.248769
0.999662
0.979833
-0.0349379
-0.664105
-0.999603
-0.928155
0.43085
-0.211786
0.99956
0.977669
0.0757737
-0.633786
-0.999688
-0.933706
0.459092
-0.195283
0.999438
0.975014
0.114596
-0.623739
-0.99974
-0.938151
0.439205
-0.207837
0.999334
0.972635
0.0783004
-0.637455
-0.999761
-0.94058
0.381898
-0.242901
0.999279
0.971178
-0.00387204
-0.664712
-0.999764
-0.941084
0.312631
-0.283399
0.999266
0.970631
-0.0854337
-0.690512
-0.999758
-0.940566
0.26594
-0.311077
0.999261
0.970553
-0.122128
-0.703218
-0.999759
-0.940138
0.268846
-0.314067
0.999234
0.970486
-0.0906181
-0.697306
-0.999774
-0.940673
0.32255
-0.290851
0.999165
0.970034
0.000879999
-0.67387
-0.999801
-0.942613
0.398911
-0.251535
0.999044
0.96884
0.11085
-0.641832
-0.999831
-0.945738
0.460135
-0.214498
0.998883
0.966841
0.186954
-0.616353
-0.999855
-0.949098
0.482911
-0.197078
0.998735
0.964601
0.200233
-0.609994
-0.999867
-0.951508
0.46268
-0.206253
0.998671
0.963052
0.152512
-0.6241
-0.999866
-0.952254
0.407987
-0.23612
0.998715
0.96272
0.0668306
-0.649722
-0.999854
-0.951371
0.339656
-0.271965
0.998828
0.963438
-0.0198817
-0.67428
-0.999834
-0.949479
0.288046
-0.297309
0.998947
0.964698
-0.0695743
-0.687398
-0.999815
-0.947456
0.278415
-0.300896
0.999036
0.96599
-0.0613719
-0.683955
-0.999804
-0.946117
0.313511
-0.281105
0.99908
0.966904
-0.00243341
-0.665121
-0.999803
-0.945943
0.370352
-0.246903
0.999087
0.967158
0.0730255
-0.638943
-0.999808
-0.946826
0.415899
-0.214531
0.99908
0.966788
0.121713
-0.618383
-0.999811
-0.947985
0.427286
-0.199308
0.999097
0.966317
0.116874
-0.614095
-0.999802
-0.948352
0.398405
-0.207358
0.999169
0.966472
0.0577719
-0.62745
-0.999776
-0.947192
0.33791
-0.233051
0.999289
0.967603
-0.0344517
-0.650773
-0.999728
-0.944453
0.26788
-0.262726
0.999421
0.969509
-0.125281
-0.67291
-0.999661
-0.940719
0.217101
-0.281807
0.999534
0.971721
-0.182449
-0.684836
-0.999585
-0.936907
0.205663
-0.281405
0.999618
0.973805
-0.19123
-0.682538
-0.999516
-0.933856
0.232617
-0.261548
0.999674
0.975471
-0.159459
-0.667667
-0.999463
-0.932001
0.27655
-0.231015
0.999711
0.976596
-0.114659
-0.647474
-0.999419
-0.931143
0.308838
-0.203692
0.99974
0.977286
-0.0920186
-0.632697
-0.999365
-0.930453
0.309659
-0.191588
0.999771
0.977897
-0.115215
-0.631824
-0.99927
-0.92889
0.275104
-0.198461
0.999808
0.978833
-0.18421
-0.645626
-0.99911
-0.92579
0.216825
-0.218241
0.999848
0.980247
-0.276983
-0.667296
-0.998867
-0.921236
0.156942
-0.239223
0.999884
0.981966
-0.363187
-0.687534
-0.998546
-0.915972
0.117558
-0.250605
0.999911
0.983693
-0.420773
-0.699443
-0.998181
-0.910942
0.110447
-0.246797
0.99993
0.98521
-0.443025
-0.700346
-0.997824
-0.90686
0.13261
-0.228649
0.999943
0.986417
-0.436503
-0.691667
-0.997509
-0.903995
0.168342
-0.202736
0.999952
0.987303
-0.417675
-0.678442
-0.997222
-0.902078
0.197127
-0.178755
0.999958
0.98794
-0.408222
-0.667977
-0.996897
-0.900387
0.203111
-0.165462
0.999964
0.988467
-0.425713
-0.666768
-0.996443
-0.898061
0.180891
-0.166815
0.99997
0.98904
-0.473779
-0.67695
-0.995766
-0.894505
0.136326
-0.180423
0.999976
0.989737
-0.540551
-0.695301
-0.994807
-0.889693
0.0829762
-0.19945
0.999981
0.990521
-0.607491
-0.715727
-0.993572
-0.884128
0.0362336
-0.216202
0.999985
0.991297
-0.660365
-0.732659
-0.99216
-0.878556
0.00774505
-0.225001
0.999987
0.991985
-0.693474
-0.742855
-0.990749
-0.873655
0.00249209
-0.22336
0.999989
0.99255
-0.707485
-0.745481
-0.989529
-0.869882
0.0179243
-0.212203
0.999991
0.992987
-0.70646
-0.741651
-0.988609
-0.86737
0.0452699
-0.195317
0.999992
0.993302
-0.696669
-0.734024
-0.987966
-0.865915
0.0724103
-0.178269
0.999992
0.993514
-0.686188
-0.726348
-0.987456
-0.865021
0.0881427
-0.166647
0.999993
0.993653
-0.683178
-0.722447
-0.986894
-0.864079
0.0856755
-0.164278
0.999993
0.993758
-0.692597
-0.724785
-0.986126
-0.862585
0.064564
-0.171892
0.999994
0.993866
-0.713658
-0.733362
-0.985091
-0.860343
0.0302485
-0.187067
0.999994
0.993991
-0.740605
-0.745854
-0.98386
-0.857524
-0.0076859
-0.20518
0.999994
0.994127
-0.766145
-0.758809
-0.982641
-0.854618
-0.0386592
-0.221096
0.999995
0.994256
-0.784604
-0.769039
-0.981736
-0.852242
-0.0536568
-0.230474
0.999995
0.994361
-0.792799
-0.774353
-0.981446
-0.850985
-0.0478327
-0.230916
0.999995
0.994429
-0.789417
-0.773754
-0.981929
-0.851212
-0.021357
-0.222304
0.999995
0.994447
-0.774306
-0.767343
-0.98313
-0.853002
0.0199126
-0.207036
0.999994
0.994401
-0.748706
-0.756371
-0.984795
-0.856076
0.0664758
-0.189222
0.999994
0.994276
-0.716117
-0.743211
-0.986603
-0.859944
0.107314
-0.173942
0.999993
0.994068
-0.68285
-0.73112
-0.988281
-0.863982
0.134178
-0.165473
0.999992
0.993789
-0.656415
-0.723253
-0.989688
-0.867685
0.142971
-0.166366
0.999991
0.99347
-0.642033
-0.721429
-0.990797
-0.870696
0.136158
-0.175911
0.999989
0.993147
-0.639285
-0.725056
-0.991678
-0.873034
0.120418
-0.190955
0.999988
0.99284
-0.642284
-0.73149
-0.992439
-0.874924
0.10654
-0.206204
0.999986
0.992547
-0.642245
-0.737037
-0.993198
-0.87687
0.103783
-0.216998
0.999984
0.992239
-0.630956
-0.738525
-0.994018
-0.879261
0.119308
-0.219724
0.999981
0.991883
-0.60223
-0.733911
-0.994907
-0.882468
0.152394
-0.214211
0.999977
0.991427
-0.553766
-0.723073
-0.995801
-0.886489
0.19713
-0.202661
0.999972
0.990832
-0.488966
-0.707845
-0.996624
-0.891208
0.240642
-0.190757
0.999964
0.990055
-0.419585
-0.69242
-0.997306
-0.89612
0.271739
-0.184342
0.999953
0.989115
-0.362106
-0.681781
-0.997827
-0.900754
0.282168
-0.188445
0.99994
0.988072
-0.329524
-0.67961
-0.998201
-0.904577
0.273451
-0.203142
0.999925
0.987049
-0.321878
-0.685462
-0.998468
-0.90749
0.253616
-0.224383
0.999909
0.986124
-0.326761
-0.695222
-0.998672
-0.909682
0.236977
-0.244714
0.999892
0.985304
-0.325526
-0.703128
-0.998851
-0.911696
0.236202
-0.257564
0.99987
0.984503
-0.302598
-0.704752
-0.999027
-0.914031
0.257878
-0.259322
0.99984
0.98361
-0.251007
-0.69831
-0.9992
-0.917034
0.297522
-0.251303
0.999798
0.982505
-0.176694
-0.685467
-0.99936
-0.920715
0.341983
-0.239172
0.999741
0.981109
-0.098137
-0.67107
-0.999492
-0.924759
0.376093
-0.230807
0.999666
0.979445
-0.0380324
-0.661411
-0.999592
-0.928612
0.390622
-0.232326
0.999579
0.977685
-0.00984932
-0.660687
-0.999661
-0.93175
0.38551
-0.244839
0.999487
0.976079
-0.0110314
-0.668351
-0.999707
-0.933948
0.369028
-0.263929
0.999399
0.974789
-0.0259128
-0.679694
-0.999739
-0.935372
0.354403
-0.282122
0.999312
0.973799
-0.0339972
-0.688807
-0.999766
-0.936448
0.354336
-0.292522
0.999216
0.972963
-0.0191155
-0.691327
-0.999792
-0.937634
0.374661
-0.291716
0.999097
0.972096
0.0234254
-0.685885
-0.99982
-0.939237
0.410772
-0.281126
0.998943
0.971039
0.0842032
-0.674513
-0.999847
-0.941304
0.450265
-0.266437
0.998753
0.969722
0.144137
-0.662032
-0.99987
-0.94359
0.480304
-0.25501
0.998539
0.968238
0.184996
-0.653974
-0.999887
-0.945666
0.493565
-0.252407
0.998335
0.966847
0.198094
-0.653722
-0.999897
-0.947125
0.489592
-0.259955
0.998179
0.965834
0.185892
-0.660893
-0.999903
-0.947775
0.473595
-0.274548
0.998088
0.965345
0.159279
-0.671961
-0.999905
-0.947688
0.454804
-0.290292
0.998052
0.965337
0.133524
-0.682197
-0.999905
-0.947128
0.443608
-0.301033
0.998046
0.965646
0.122731
-0.68765
-0.999904
-0.94644
0.446977
-0.302827
0.998041
0.966075
0.133693
-0.686489
-0.999905
-0.945919
0.46451
-0.295497
0.998025
0.966457
0.162361
-0.679575
-0.999907
-0.945709
0.488526
-0.282727
0.998001
0.966704
0.195648
-0.67024
-0.999909
-0.945732
0.508519
-0.270513
0.997989
0.966859
0.218067
-0.663053
-0.999909
-0.945707
0.516299
-0.264503
0.99802
0.967094
0.218699
-0.661763
-0.999907
-0.945269
0.508547
-0.267525
0.998117
0.967624
0.194613
-0.667518
-0.9999
-0.944136
0.997579
0.821185
0.999989
0.998832
0.998768
0.833975
-0.998807
-0.779387
0.999986
0.990707
0.999843
0.995369
0.997505
0.797842
-0.999084
-0.853253
0.999615
0.959723
0.999815
0.989432
0.982254
0.580535
-0.998707
-0.889175
0.987174
0.809633
0.999904
0.984987
0.631238
-0.0668584
-0.99729
-0.918263
0.100436
-0.0795102
0.999986
0.988504
-0.907594
-0.848258
-0.956064
-0.798774
-0.823811
-0.66285
0.999999
0.996852
-0.99878
-0.981245
-0.715696
-0.723686
-0.999969
-0.99294
0.999991
0.942314
-0.924432
-0.915311
-0.997015
-0.886213
0.0314394
-0.323229
0.999875
0.982193
-0.661754
-0.775912
-0.999389
-0.953557
-0.570963
-0.548966
0.99969
0.959181
-0.684756
-0.805886
-0.999139
-0.934866
0.129013
-0.27575
0.99972
0.973699
0.10813
-0.563072
-0.999588
-0.942185
0.670174
0.0669249
0.999377
0.966475
0.643614
-0.267785
-0.999857
-0.963308
0.81322
0.265154
0.998276
0.94206
0.699332
-0.187969
-0.999933
-0.976664
0.826796
0.295388
0.997562
0.929432
0.629694
-0.236064
-0.999943
-0.980151
0.754972
0.20534
0.997821
0.929478
0.399822
-0.379388
-0.999926
-0.979197
0.483886
-0.0226773
0.998599
0.936298
-0.0925696
-0.588207
-0.999849
-0.972725
-0.0401566
-0.305655
0.999293
0.948404
-0.53761
-0.743346
-0.99962
-0.958874
-0.390373
-0.468754
0.999612
0.958489
-0.717312
-0.808468
-0.999314
-0.946939
-0.463745
-0.50601
0.999723
0.964505
-0.711092
-0.808126
-0.999148
-0.939721
-0.27705
-0.428428
0.999753
0.969397
-0.476412
-0.734123
-0.999238
-0.936522
0.196763
-0.222255
0.999723
0.972522
0.0817575
-0.553649
-0.999524
-0.943155
0.58564
0.0236963
0.99956
0.968245
0.496779
-0.34643
-0.999743
-0.956697
0.707475
0.163561
0.999227
0.955663
0.539863
-0.292797
-0.99982
-0.966494
0.660693
0.140376
0.99915
0.949325
0.365817
-0.379885
-0.99979
-0.96719
0.452133
-0.00798812
0.999418
0.953786
0.00634163
-0.532038
-0.999622
-0.959711
0.064392
-0.217263
0.999692
0.962349
-0.427025
-0.683787
-0.999158
-0.945145
-0.27981
-0.380535
0.999845
0.971014
-0.677353
-0.772738
-0.998333
-0.928964
-0.412088
-0.444513
0.999908
0.976926
-0.752279
-0.801249
-0.997544
-0.918035
-0.369883
-0.425943
0.999933
0.980672
-0.703355
-0.780217
-0.997189
-0.910983
-0.115958
-0.313768
0.999941
0.983604
-0.485837
-0.698316
-0.997547
-0.911328
0.241607
-0.141207
0.999937
0.984555
-0.104579
-0.559834
-0.998212
-0.919363
0.477398
0.0128298
0.999917
0.98257
0.174707
-0.437438
-0.998649
-0.929154
0.522352
0.0705895
0.999894
0.978931
0.16527
-0.426344
-0.998672
-0.933746
0.385274
0.0018777
0.999905
0.977895
-0.107124
-0.527161
-0.998103
-0.928081
0.105703
-0.145281
0.999942
0.981122
-0.473588
-0.65974
-0.996519
-0.912545
-0.170987
-0.282924
0.999969
0.985441
-0.724747
-0.759213
-0.993736
-0.895316
-0.36085
-0.376552
0.999982
0.988327
-0.838358
-0.814805
-0.990226
-0.880847
-0.435844
-0.415329
0.999987
0.9901
-0.871391
-0.833627
-0.987244
-0.869961
-0.381691
-0.391575
0.99999
0.991429
-0.852464
-0.820752
-0.986337
-0.864483
-0.196726
-0.308713
0.999991
0.992474
-0.771302
-0.77479
-0.987833
-0.865764
0.0750186
-0.184723
0.999991
0.993064
-0.599781
-0.695003
-0.990495
-0.873318
0.308461
-0.0615904
0.999989
0.992924
-0.375961
-0.603314
-0.992656
-0.882577
0.425196
0.0179859
0.999987
0.992136
-0.247548
-0.54933
-0.993651
-0.889492
0.397927
0.0152567
0.999985
0.991268
-0.320789
-0.57376
-0.99313
-0.888986
0.24495
-0.0653556
0.999987
0.991344
-0.537436
-0.65804
-0.990757
-0.879915
0.0145762
-0.18531
0.999991
0.992308
-0.743583
-0.750596
-0.986164
-0.865031
-0.206312
-0.297371
0.999994
0.993324
-0.861561
-0.818001
-0.980026
-0.850331
-0.373101
-0.382976
0.999995
0.993906
-0.913254
-0.856829
-0.973891
-0.837418
-0.440332
-0.422548
0.999996
0.994282
-0.928644
-0.871366
-0.97081
-0.829849
-0.407939
-0.41458
0.999996
0.994614
-0.91983
-0.865681
-0.972235
-0.827752
-0.249405
-0.351128
0.999996
0.995037
-0.879369
-0.837658
-0.977941
-0.834268
-0.0121351
-0.254602
0.999995
0.995301
-0.783676
-0.785388
-0.984409
-0.845047
0.24679
-0.139552
0.999994
0.99529
-0.6095
-0.71107
-0.989727
-0.859515
0.411125
-0.0519645
0.999991
0.994747
-0.411153
-0.640797
-0.992809
-0.870645
0.489425
-0.00293805
0.999988
0.993916
-0.308891
-0.608244
-0.994437
-0.880157
0.430783
-0.0386544
0.999984
0.992909
-0.382092
-0.641452
-0.994595
-0.879966
0.308804
-0.117287
0.999984
0.992718
-0.555257
-0.709671
-0.994075
-0.876789
0.0967265
-0.235796
0.999985
0.992809
-0.721288
-0.781323
-0.992806
-0.867046
-0.0438922
-0.316249
0.999987
0.993292
-0.811309
-0.825765
-0.992204
-0.863604
-0.168579
-0.383134
0.999986
0.993278
-0.843888
-0.84754
-0.992058
-0.857772
-0.10038
-0.370766
0.999985
0.99357
-0.817923
-0.83972
-0.9936
-0.863062
0.0040474
-0.341023
0.999982
0.993355
-0.723482
-0.808883
-0.995209
-0.864984
0.295918
-0.226052
0.999975
0.993454
-0.493965
-0.73865
-0.997186
-0.880905
0.448764
-0.151531
0.999959
0.992243
-0.186893
-0.658822
-0.998188
-0.888024
0.624966
-0.0402293
0.999934
0.991112
0.0756358
-0.58055
-0.998938
-0.905869
0.587671
-0.0653894
0.999885
0.98788
0.0843234
-0.591601
-0.999107
-0.907674
0.54567
-0.108819
0.999861
0.986922
-0.0658345
-0.64687
-0.999189
-0.911723
0.329277
-0.249279
0.999849
0.98575
-0.347692
-0.73813
-0.999041
-0.903889
0.173275
-0.345825
0.999863
0.986753
-0.535721
-0.795072
-0.998977
-0.900948
0.0297917
-0.422209
0.999859
0.986691
-0.610031
-0.822708
-0.998983
-0.896918
0.0877497
-0.417233
0.999842
0.987079
-0.529608
-0.809536
-0.999196
-0.899135
0.267141
-0.358
0.999791
0.986856
-0.27473
-0.758022
-0.999457
-0.904081
0.51876
-0.241397
0.999686
0.986137
0.119664
-0.665477
-0.999687
-0.915328
0.670722
-0.136298
0.999453
0.983291
0.4082
-0.575139
-0.999815
-0.92677
0.730238
-0.0803309
0.999062
0.978874
0.504719
-0.538662
-0.999874
-0.935759
0.708229
-0.105804
0.998662
0.97461
0.438644
-0.577078
-0.99989
-0.939016
0.615966
-0.196864
0.998536
0.973068
0.240424
-0.657923
-0.999882
-0.937092
0.45518
-0.316552
0.998649
0.973656
-0.0374256
-0.740178
-0.999858
-0.932329
0.276012
-0.419217
0.998796
0.974847
-0.257681
-0.794429
-0.999836
-0.92758
0.186349
-0.469448
0.998847
0.975877
-0.308442
-0.810501
-0.999835
-0.92467
0.265468
-0.450542
0.998756
0.976818
-0.968637
-0.939663
-0.999453
-0.962648
-0.968444
-0.883184
0.999681
0.949455
-0.981079
-0.961076
-0.998669
-0.92725
-0.780271
-0.738059
0.999742
0.972147
-0.815926
-0.887441
-0.999044
-0.903723
0.389151
-0.284554
0.999702
0.984219
0.405191
-0.549774
-0.999727
-0.921093
0.917859
0.278741
0.99907
0.979936
0.940768
0.083274
-0.999947
-0.955964
0.981146
0.636444
0.993015
0.940856
0.979446
0.374879
-0.999984
-0.975263
0.993888
0.786575
0.982484
0.913297
0.991092
0.545425
-0.999989
-0.977808
0.997782
0.868196
0.974375
0.906256
0.996124
0.674614
-0.999989
-0.974995
0.99889
0.907637
0.971081
0.905273
0.997446
0.730043
-0.999987
-0.971141
0.999141
0.920743
0.976351
0.913208
0.997404
0.73514
-0.999982
-0.967527
0.998913
0.915208
0.985012
0.923283
0.995479
0.681449
-0.999971
-0.96541
0.997445
0.880461
0.992715
0.933408
0.985669
0.529516
-0.999943
-0.964289
0.987018
0.764841
0.997533
0.945511
0.911604
0.178399
-0.999839
-0.960737
0.844856
0.373074
0.999556
0.964695
0.188763
-0.439221
-0.998883
-0.933408
-0.24784
-0.357007
0.999968
0.986685
-0.906407
-0.875129
-0.979733
-0.810068
-0.599052
-0.552887
0.999997
0.996278
-0.996233
-0.969592
-0.922565
-0.813989
-0.996639
-0.940335
0.999998
0.989293
-0.999892
-0.994341
-0.643749
-0.771518
-0.411046
-0.623412
0.999341
0.971288
0.938156
-0.0443234
-0.983661
-0.243746
1
0.999936
0.999999
0.999985
0.984956
0.579575
-0.999725
-0.939678
0.975093
0.723494
0.999308
0.960714
0.836633
0.05417
-0.999503
-0.94381
0.799899
0.309139
0.999849
0.97887
0.186532
-0.446092
-0.997983
-0.908939
0.0525178
-0.237057
0.999974
0.989653
-0.868482
-0.851602
-0.988681
-0.849956
-0.717698
-0.628651
0.999994
0.994232
-0.993096
-0.964425
-0.961088
-0.822543
-0.979157
-0.878178
0.999996
0.990919
-0.999531
-0.990076
-0.920104
-0.83682
-0.999529
-0.976901
0.999992
0.972035
-0.999968
-0.997091
-0.91086
-0.897599
-0.999991
-0.996051
0.999985
0.909633
-0.999999
-0.999448
-0.947739
-0.964491
-0.999999
-0.998842
0.999982
0.821257
-1
-0.999924
-0.979609
-0.99152
-1
-0.999491
0.999979
0.720943
-0.816958
-0.890466
-0.987029
-0.665594
0.999997
0.989632
0.999999
0.999919
0.998514
0.831095
-0.999466
-0.867211
0.999842
0.971944
0.99959
0.987592
0.997834
0.80484
-0.99935
-0.867076
0.999725
0.964776
0.999711
0.987965
0.993749
0.71207
-0.99908
-0.880296
0.997878
0.914311
0.999829
0.985458
0.938688
0.370782
-0.998442
-0.909526
0.904796
0.565337
0.999945
0.983594
-0.139081
-0.455931
-0.993795
-0.908109
-0.64842
-0.486236
0.999996
0.99271
-0.983677
-0.936499
-0.836573
-0.687992
-0.967253
-0.835528
0.999999
0.994386
-0.999755
-0.990912
-0.481782
-0.713779
-0.887632
-0.847936
0.997783
0.937113
0.922795
-0.188551
-0.95233
0.150934
1
0.999999
1
1
0.993708
0.670645
-0.999507
-0.888787
0.99773
0.891674
0.999635
0.984482
0.969726
0.410866
-0.999401
-0.907129
0.977734
0.698381
0.999801
0.983885
0.726658
-0.116415
-0.998924
-0.917435
0.515722
0.0085803
0.999952
0.988227
-0.68222
-0.778983
-0.992169
-0.844747
-0.414029
-0.517611
0.999995
0.996188
-0.989235
-0.959444
-0.962929
-0.79163
-0.948531
-0.838633
0.999997
0.995013
-0.999615
-0.991756
-0.91183
-0.811069
-0.9996
-0.980887
0.999994
0.978336
-0.999986
-0.998201
-0.89446
-0.888469
-0.999998
-0.99823
0.999984
0.891805
-1
-0.999815
-0.951199
-0.974547
-1
-0.99962
0.999982
0.760163
-0.992113
-0.968048
-0.997256
-0.935672
0.691553
0.0465636
0.999957
0.992479
0.776699
-0.0924735
-0.99904
-0.911004
0.925849
0.541071
0.999673
0.971307
0.668313
-0.0740877
-0.999749
-0.971417
0.442289
0.0993728
0.999549
0.942322
-0.241807
-0.563656
-0.999214
-0.957699
-0.120627
-0.259501
0.999907
0.97484
-0.509048
-0.68846
-0.996918
-0.911232
-0.172816
-0.291872
0.999959
0.983522
-0.780612
-0.78369
-0.995725
-0.917213
-0.685875
-0.542852
0.999971
0.982166
-0.916136
-0.870094
-0.990307
-0.886084
-0.658452
-0.533892
0.999983
0.986989
-0.927769
-0.876027
-0.988897
-0.885598
-0.671396
-0.538909
0.999985
0.987413
-0.906688
-0.860922
-0.987682
-0.873391
-0.368761
-0.38592
0.999986
0.98995
-0.78153
-0.784349
-0.991187
-0.882006
0.0372615
-0.198843
0.999983
0.990468
-0.427903
-0.636097
-0.99444
-0.892275
0.480174
0.0467002
0.999976
0.989695
0.0991013
-0.420864
-0.997035
-0.914324
0.603593
0.170578
0.999953
0.984604
0.291761
-0.319182
-0.997848
-0.926642
0.555869
0.163235
0.999937
0.980117
0.11258
-0.390839
-0.997724
-0.93084
0.247819
-0.013693
0.99995
0.979902
-0.353131
-0.57987
-0.996031
-0.918187
-0.160159
-0.230132
0.999974
0.984499
-0.721139
-0.737869
-0.992013
-0.896554
-0.449091
-0.385518
0.999986
0.987933
-0.87941
-0.82802
-0.986646
-0.881165
-0.636865
-0.495018
0.99999
0.989076
-0.932042
-0.871119
-0.98112
-0.868154
-0.682616
-0.528126
0.999991
0.989814
-0.939553
-0.879217
-0.97908
-0.861928
-0.617785
-0.493824
0.999992
0.990553
-0.91305
-0.85748
-0.981367
-0.860408
-0.363864
-0.370414
0.999991
0.991619
-0.807681
-0.79026
-0.987315
-0.86977
0.0443403
-0.188336
0.999989
0.991988
-0.508374
-0.657834
-0.992814
-0.886178
0.412201
0.00668517
0.999982
0.99083
-0.0462042
-0.48032
-0.996133
-0.905687
0.569102
0.130839
0.999965
0.987135
0.193023
-0.374873
-0.997506
-0.920817
0.526406
0.121805
0.999945
0.982494
0.0663264
-0.428461
-0.997679
-0.926361
0.272077
-0.0292987
0.999948
0.981336
-0.320741
-0.586467
-0.996714
-0.91807
-0.0842652
-0.224107
0.999966
0.984172
-0.663805
-0.728615
-0.994601
-0.902302
-0.353151
-0.369183
0.999978
0.98683
-0.828556
-0.811624
-0.992325
-0.891009
-0.510295
-0.458465
0.999982
0.987877
-0.88267
-0.847561
-0.99092
-0.883497
-0.511226
-0.469552
0.999982
0.988585
-0.870914
-0.843866
-0.991557
-0.881738
-0.346967
-0.402732
0.99998
0.989232
-0.772725
-0.797288
-0.993806
-0.885583
0.0140865
-0.254199
0.999974
0.989606
-0.477547
-0.68746
-0.996427
-0.897928
0.384924
-0.0733446
0.999957
0.988316
0.00496883
-0.523049
-0.998142
-0.914585
0.586903
0.0698428
0.999915
0.984116
0.303569
-0.398406
-0.998943
-0.930563
0.594095
0.09205
0.999848
0.977639
0.259891
-0.419423
-0.999165
-0.938756
0.424066
-0.0234684
0.999829
0.974658
-0.052353
-0.552342
-0.999003
-0.935802
0.11218
-0.207225
0.999869
0.976915
-0.434749
-0.692421
-0.998501
-0.92458
-0.171214
-0.35672
0.999908
0.980303
-0.670909
-0.780271
-0.997929
-0.914564
-0.324725
-0.439138
0.999924
0.982196
-0.749662
-0.815385
-0.997664
-0.908724
-0.297038
-0.440749
0.999925
0.983349
-0.698019
-0.801989
-0.997926
-0.907089
-0.0537299
-0.35241
0.999912
0.984242
-0.457326
-0.731018
-0.998578
-0.911636
0.31476
-0.193307
0.999873
0.983847
0.000450427
-0.595986
-0.999205
-0.923287
0.572714
-0.0333517
0.999771
0.980184
0.360723
-0.457606
-0.999563
-0.937432
0.652553
0.0433344
0.999583
0.973058
0.429467
-0.422371
-0.9997
-0.947419
0.58859
-0.00411531
0.999451
0.967686
0.260597
-0.503994
-0.999702
-0.949139
0.388318
-0.145992
0.999513
0.968232
-0.0700652
-0.630409
-0.999595
-0.94283
0.107487
-0.304052
0.999644
0.971883
-0.399416
-0.734855
-0.999407
-0.93326
-0.110626
-0.41247
0.999731
0.975229
-0.57265
-0.78959
-0.999242
-0.925525
-0.158665
-0.444428
0.999763
0.977507
-0.569915
-0.794055
-0.999223
-0.921273
0.00561018
-0.390448
0.999754
0.97924
-0.367543
-0.745066
-0.999375
-0.921649
0.319717
-0.259472
0.999693
0.97984
0.0313787
-0.638443
-0.999595
-0.928639
0.570093
-0.110128
0.999533
0.977425
0.369799
-0.516478
-0.999753
-0.939426
0.668342
-0.0205395
0.999252
0.971744
0.472568
-0.464251
-0.999824
-0.947928
0.646701
-0.0321546
0.999044
0.966927
0.37783
-0.509428
-0.999829
-0.950197
0.516843
-0.133262
0.999122
0.966832
0.123894
-0.610116
-0.999778
-0.945685
0.290834
-0.272413
0.999351
0.970111
-0.206351
-0.711635
-0.999669
-0.936856
0.0605093
-0.387578
0.99954
0.973965
-0.444368
-0.776757
-0.999533
-0.927727
-0.0432017
-0.438745
0.999642
0.977068
-0.508806
-0.796189
-0.999449
-0.921189
0.0424033
-0.413281
0.999676
0.97949
-0.388591
-0.769405
-0.999476
-0.918409
0.28847
-0.313788
0.999658
0.98111
-0.0819255
-0.69367
-0.999596
-0.921393
0.529321
-0.180999
0.999571
0.98076
0.251229
-0.590662
-0.999717
-0.929114
0.649272
-0.0822307
0.999409
0.977953
0.410251
-0.522694
-0.999783
-0.93646
0.657328
-0.0637745
0.999274
0.974746
0.374066
-0.534607
-0.999789
-0.939074
0.566721
-0.131125
0.999319
0.974159
0.166226
-0.61178
-0.999733
-0.935122
0.383186
-0.248584
0.999497
0.976493
-0.153656
-0.706442
-0.9996
-0.925916
0.166312
-0.360195
0.999662
0.979796
-0.428893
-0.77715
-0.999402
-0.91533
0.0288098
-0.42351
0.99976
0.98263
-0.553288
-0.809023
-0.99922
-0.906749
0.0488033
-0.420903
0.999807
0.984848
-0.521742
-0.801854
-0.99916
-0.901578
0.230408
-0.349604
0.999821
0.986568
-0.328904
-0.754479
-0.999255
-0.901646
0.461134
-0.234315
0.999808
0.987306
-0.0238347
-0.673639
-0.999419
-0.906999
0.612581
-0.126733
0.999767
0.986631
0.214229
-0.595825
-0.999539
-0.913906
0.658274
-0.0766737
0.999719
0.98505
0.263715
-0.57281
-0.99957
-0.917737
0.607773
-0.107835
0.999717
0.984137
0.112682
-0.62101
-0.99949
-0.915247
0.465063
-0.202878
0.999779
0.985021
-0.188932
-0.706534
-0.999266
-0.906341
0.265821
-0.312453
0.999851
0.987008
-0.485813
-0.782613
-0.998889
-0.894745
0.097494
-0.391173
0.999899
0.988884
-0.653579
-0.826891
-0.998462
-0.884621
0.0437056
-0.416668
0.999924
0.990314
-0.694367
-0.838288
-0.998187
-0.877626
0.142629
-0.38018
0.999935
0.991474
-0.62421
-0.818227
-0.998221
-0.875288
0.345176
-0.291313
0.999936
0.992279
-0.431023
-0.766464
-0.998507
-0.878335
0.539062
-0.180093
0.999929
0.992485
-0.155658
-0.692293
-0.998831
-0.885168
0.649825
-0.0903638
0.999915
0.991979
0.0483808
-0.629916
-0.999032
-0.891954
0.669776
-0.0613997
0.9999
0.991102
0.0619033
-0.621889
-0.99905
-0.894578
0.602642
-0.108309
0.999903
0.990689
-0.127894
-0.675889
-0.998843
-0.890388
0.453262
-0.207497
0.999925
0.99124
-0.424342
-0.755358
-0.998359
-0.880471
0.2616
-0.311853
0.999947
0.992261
-0.660166
-0.820138
-0.997643
-0.869347
0.10283
-0.385648
0.999961
0.993126
-0.776142
-0.856426
-0.996925
-0.860347
0.050631
-0.410443
0.999969
0.993774
-0.802932
-0.865954
-0.996559
-0.854862
0.136177
-0.37998
0.999971
0.994321
-0.756891
-0.8507
-0.996755
-0.853995
0.32376
-0.300888
0.999971
0.994732
-0.61779
-0.809149
-0.997368
-0.858327
0.519928
-0.195579
0.999966
0.994838
-0.373398
-0.743302
-0.998037
-0.866509
0.651283
-0.0979131
0.999957
0.994501
-0.116785
-0.673254
-0.998515
-0.875697
0.699523
-0.0466785
0.999944
0.99374
-0.00313236
-0.639118
-0.998726
-0.881951
0.6691
-0.0665855
0.999936
0.992983
-0.0977205
-0.666568
-0.998666
-0.88219
0.557121
-0.152285
0.99994
0.992808
-0.351858
-0.737
-0.998317
-0.875755
0.379718
-0.263698
0.999953
0.993235
-0.609622
-0.807677
-0.99772
-0.866393
0.191528
-0.359473
0.999963
0.993738
-0.761196
-0.854217
-0.99707
-0.858139
0.0755698
-0.413081
0.999968
0.994094
-0.815412
-0.873906
-0.996704
-0.853093
0.0907234
-0.412876
0.99997
0.994379
-0.797594
-0.869286
-0.996867
-0.851993
0.243593
-0.356057
0.999968
0.994644
-0.693082
-0.838638
-0.997498
-0.856126
0.456609
-0.257314
0.999961
0.994723
-0.458314
-0.778268
-0.998245
-0.864959
0.632333
-0.14403
0.999947
0.994386
-0.127003
-0.695411
-0.998827
-0.876837
0.721385
-0.0602605
0.999921
0.993404
0.115533
-0.62718
-0.999152
-0.88749
0.730829
-0.0420235
0.999889
0.991985
0.144138
-0.619424
-0.999263
-0.89351
0.657318
-0.107133
0.999872
0.990886
-0.0491705
-0.679481
-0.999189
-0.891923
0.499721
-0.225298
0.999885
0.990819
-0.365396
-0.763767
-0.998956
-0.884997
0.285734
-0.347212
0.999907
0.991276
-0.618563
-0.829184
-0.998642
-0.877052
0.114346
-0.428192
0.99992
0.991676
-0.731477
-0.861623
-0.998438
-0.872137
0.0742558
-0.450951
0.999923
0.991912
-0.728396
-0.863329
-0.998493
-0.870399
0.216607
-0.402595
0.999915
0.992208
-0.594315
-0.831904
-0.998821
-0.874061
0.456461
-0.296679
0.999893
0.992265
-0.273702
-0.760807
-0.99922
-0.883179
0.659395
-0.164093
0.999843
0.991601
0.14121
-0.656838
-0.999523
-0.896673
0.755547
-0.0640651
0.999742
0.989602
0.394028
-0.570838
-0.999682
-0.908915
0.768022
-0.0378328
0.999603
0.986709
0.420812
-0.560102
-0.999737
-0.916318
0.698766
-0.105795
0.999528
0.984522
0.236878
-0.630968
-0.999714
-0.915961
0.535947
-0.237265
0.999581
0.984403
-0.115978
-0.731915
-0.999621
-0.909559
0.295899
-0.37532
0.999674
0.985358
-0.453086
-0.810969
-0.999482
-0.901646
0.0915784
-0.467355
0.999733
0.986193
-0.615472
-0.849302
-0.999379
-0.896252
0.0511877
-0.488855
0.999749
0.986782
-0.600224
-0.848421
-0.999394
-0.894
0.230714
-0.426989
0.999728
0.987471
-0.378467
-0.80389
-0.999533
-0.896812
0.515748
-0.293624
0.999654
0.987667
0.0601169
-0.706655
-0.999705
-0.906592
0.712684
-0.142724
0.999468
0.986072
0.447316
-0.580705
-0.999823
-0.919995
0.791273
-0.0393755
0.999104
0.982044
0.603493
-0.497871
-0.999879
-0.931295
0.790947
-0.0237367
0.998709
0.977278
0.580002
-0.507865
-0.999892
-0.936797
0.718015
-0.101215
0.998647
0.975026
0.392886
-0.595301
-0.999872
-0.935265
0.547955
-0.241518
0.998931
0.976025
0.0343679
-0.708159
-0.999813
-0.928112
0.287888
-0.387433
0.999254
0.978328
-0.344177
-0.7958
-0.999718
-0.919217
0.0616664
-0.483497
0.999451
0.980277
-0.540244
-0.837975
-0.999629
-0.912359
0.0184081
-0.502461
0.999534
0.981808
-0.523944
-0.83559
-0.999607
-0.90841
0.214939
-0.431482
0.999539
0.983379
-0.268719
-0.783145
-0.999676
-0.909404
0.520137
-0.283107
0.999456
0.984089
0.182035
-0.672523
-0.999785
-0.918017
0.715311
-0.12348
0.999214
0.982127
0.516741
-0.541223
-0.999862
-0.930088
0.785426
-0.0221967
0.998789
0.977303
0.62399
-0.469526
-0.999896
-0.93956
0.773836
-0.0160565
0.998483
0.972636
0.564449
-0.496238
-0.999895
-0.942954
0.680087
-0.104844
0.998643
0.971686
0.335685
-0.595542
-0.999858
-0.939254
0.474302
-0.252692
0.999073
0.974208
-0.0606768
-0.712805
-0.999764
-0.929899
0.186957
-0.396263
0.999429
0.977717
-0.429911
-0.797985
-0.999607
-0.918988
-0.026227
-0.480429
0.99962
0.980558
-0.596541
-0.835041
-0.999445
-0.910515
-0.0375928
-0.483952
0.999705
0.982787
-0.565904
-0.826695
-0.999379
-0.905316
0.184822
-0.396888
0.999732
0.984807
-0.316019
-0.766784
-0.999461
-0.906055
0.490953
-0.241253
0.999707
0.985649
0.10827
-0.65169
-0.999615
-0.914528
0.676294
-0.0890744
0.999609
0.98397
0.415835
-0.529492
-0.999724
-0.925561
0.729749
-0.00898363
0.999466
0.98018
0.481698
-0.4832
-0.999759
-0.9331
0.677176
-0.0367306
0.999434
0.977325
0.32812
-0.541219
-0.99971
-0.933097
0.50405
-0.157251
0.999579
0.978107
-0.0317297
-0.656763
-0.999532
-0.924679
0.222457
-0.307152
0.999751
0.981282
-0.434346
-0.762011
-0.999163
-0.911679
-0.0394848
-0.417999
0.999853
0.984341
-0.666056
-0.822399
-0.998657
-0.900241
-0.156298
-0.461131
0.9999
0.986466
-0.728407
-0.838878
-0.998237
-0.892292
-0.0695672
-0.424524
0.99992
0.988182
-0.655307
-0.813652
-0.99817
-0.889144
0.194293
-0.310696
0.999926
0.989463
-0.411738
-0.739976
-0.998481
-0.893287
0.468921
-0.158641
0.999917
0.989588
-0.0409898
-0.624726
-0.998876
-0.903135
0.619366
-0.0322659
0.999891
0.98806
0.210311
-0.52508
-0.999113
-0.913453
0.632867
0.00762361
0.999865
0.985509
0.198751
-0.515766
-0.999111
-0.918336
0.512149
-0.0606263
0.999875
0.9843
-0.0679446
-0.601165
-0.998779
-0.91401
0.262256
-0.197306
0.999916
0.985691
-0.445104
-0.714501
-0.99793
-0.901577
-0.0148548
-0.325747
0.999951
0.988048
-0.704623
-0.796921
-0.996555
-0.88844
-0.212088
-0.40795
0.999968
0.989716
-0.814075
-0.838066
-0.995034
-0.87834
-0.265826
-0.427907
0.999976
0.990833
-0.830962
-0.843614
-0.994099
-0.872342
-0.156378
-0.379708
0.999979
0.991742
-0.771055
-0.81477
-0.994306
-0.871929
0.0885122
-0.271146
0.999979
0.992354
-0.59874
-0.745938
-0.995425
-0.878215
0.35058
-0.134462
0.999976
0.992262
-0.30755
-0.642378
-0.996641
-0.889019
0.51237
-0.0193852
0.999968
0.991137
-0.0586052
-0.548335
-0.997403
-0.900018
0.536336
0.0212157
0.999959
0.989216
-0.0341414
-0.529817
-0.997542
-0.905957
0.418914
-0.0360069
0.999958
0.987951
-0.248448
-0.600019
-0.996932
-0.903148
0.180144
-0.159784
0.999968
0.988497
-0.547899
-0.703298
-0.995345
-0.892441
-0.0785233
-0.283428
0.999979
0.989949
-0.752719
-0.783934
-0.992939
-0.880686
-0.273807
-0.372583
0.999985
0.99099
-0.845019
-0.828776
-0.990427
-0.87139
-0.352642
-0.408951
0.999988
0.991626
-0.867604
-0.841236
-0.989037
-0.866268
-0.300511
-0.386328
0.999988
0.992107
-0.837293
-0.82367
-0.989576
-0.866195
-0.112311
-0.304265
0.999988
0.992488
-0.730535
-0.771165
-0.991751
-0.872561
0.150003
-0.183129
0.999986
0.992423
-0.507196
-0.681065
-0.994232
-0.883884
0.371319
-0.0597924
0.99998
0.991492
-0.224534
-0.576152
-0.996037
-0.89704
0.466968
0.0145426
0.999971
0.989458
-0.0756551
-0.516703
-0.996906
-0.907295
0.419573
0.00199103
0.999962
0.987172
-0.161966
-0.545788
-0.99693
-0.910694
0.234271
-0.0951379
0.999964
0.986337
-0.409852
-0.63695
-0.996113
-0.905595
-0.0120967
-0.220758
0.999972
0.987242
-0.641832
-0.727647
-0.994625
-0.896385
-0.216174
-0.322271
0.999978
0.988395
-0.770872
-0.786014
-0.99309
-0.888725
-0.32417
-0.377918
0.999981
0.989072
-0.813476
-0.809037
-0.992312
-0.884363
-0.303535
-0.374015
0.999982
0.989499
-0.786463
-0.797439
-0.992877
-0.884658
-0.148958
-0.30987
0.99998
0.989712
-0.668421
-0.747512
-0.994503
-0.890175
0.104721
-0.197397
0.999974
0.989387
-0.418738
-0.65579
-0.996335
-0.9009
0.335225
-0.0762157
0.999961
0.987783
-0.113823
-0.547648
-0.99764
-0.91373
0.445781
0.00109087
0.999939
0.984521
0.0406727
-0.487306
-0.998299
-0.924523
0.406302
-0.0105232
0.999915
0.980811
-0.0431102
-0.519155
-0.998429
-0.928935
0.231252
-0.106379
0.999913
0.979387
-0.285337
-0.6105
-0.998133
-0.92568
-0.000776966
-0.228987
0.999929
0.980521
-0.521299
-0.698802
-0.997564
-0.918506
-0.179281
-0.321847
0.999942
0.982142
-0.654157
-0.752324
-0.997067
-0.912716
-0.249204
-0.362688
0.999947
0.983159
-0.680016
-0.766196
-0.996977
-0.910021
-0.178492
-0.339532
0.999945
0.98373
-0.594365
-0.737862
-0.997417
-0.911511
0.0240539
-0.255693
0.999934
0.983646
-0.370142
-0.664458
-0.998151
-0.917897
0.268146
-0.138933
0.999907
0.982074
-0.0631436
-0.56184
-0.998802
-0.928089
0.424388
-0.0438538
0.999856
0.978173
0.130805
-0.487488
-0.999183
-0.938266
0.441803
-0.0228344
0.999793
0.973118
0.10921
-0.494484
-0.999316
-0.94413
0.327121
-0.0876969
0.999771
0.970434
-0.0807675
-0.567728
-0.999256
-0.943556
0.129132
-0.196942
0.9998
0.971319
-0.316825
-0.652954
-0.999055
-0.938296
-0.0541548
-0.292757
0.999837
0.973614
-0.482303
-0.712186
-0.998827
-0.93249
-0.142198
-0.341574
0.999859
0.975546
-0.531684
-0.732703
-0.998722
-0.928815
-0.0972361
-0.330066
0.999861
0.976785
-0.453269
-0.71104
-0.998829
-0.928445
0.0733239
-0.259994
0.999843
0.977093
-0.243598
-0.647467
-0.999091
-0.932232
0.283644
-0.158391
0.999796
0.975611
0.0139045
-0.561971
-0.999358
-0.93941
0.419132
-0.0762076
0.999715
0.971809
0.158595
-0.505092
-0.999524
-0.946733
0.435414
-0.0582849
0.999635
0.967438
0.127961
-0.514444
-0.999576
-0.950589
0.34139
-0.111346
0.999624
0.965699
-0.0340624
-0.574656
-0.999526
-0.949434
0.177427
-0.20146
0.999678
0.967131
-0.237745
-0.645575
-0.999395
-0.94458
0.020345
-0.282608
0.999742
0.96988
-0.388156
-0.696439
-0.999235
-0.938842
-0.0543194
-0.322968
0.999783
0.972455
-0.433782
-0.713542
-0.999132
-0.93459
-0.012519
-0.310309
0.999799
0.974321
-0.361969
-0.693568
-0.999151
-0.933156
0.128965
-0.249512
0.999789
0.975145
-0.187628
-0.640333
-0.999276
-0.935191
0.293096
-0.167027
0.999754
0.974369
0.00581378
-0.574992
-0.99942
-0.939846
0.392639
-0.105298
0.9997
0.97201
0.102449
-0.536455
-0.999509
-0.944368
0.393949
-0.0970159
0.999665
0.969696
0.0603072
-0.548628
-0.999513
-0.945897
0.305522
-0.143517
0.999684
0.969445
-0.086304
-0.598826
-0.999425
-0.943293
0.16625
-0.216382
0.999742
0.971372
-0.262427
-0.656728
-0.999252
-0.93767
0.0412482
-0.279223
0.999799
0.974167
-0.390854
-0.698016
-0.999042
-0.931394
-0.0121152
-0.307495
0.999838
0.976753
-0.431905
-0.711574
-0.998884
-0.926513
0.0285212
-0.292669
0.999857
0.978714
-0.378969
-0.695281
-0.998849
-0.924211
0.143303
-0.241133
0.999861
0.979835
-0.250236
-0.654183
-0.998932
-0.924914
0.270501
-0.175844
0.999853
0.979895
-0.10822
-0.60583
-0.999048
-0.927651
0.345983
-0.12897
0.999839
0.979092
-0.0374156
-0.578025
-0.999108
-0.930089
0.341971
-0.12405
0.999836
0.978371
-0.0784839
-0.588516
-0.999055
-0.929872
0.265138
-0.161471
0.999853
0.97878
-0.208612
-0.629697
-0.99886
-0.926026
0.150824
-0.219034
0.999883
0.980399
-0.362769
-0.678432
-0.998527
-0.919593
0.0510232
-0.268662
0.99991
0.982479
-0.477836
-0.714947
-0.998132
-0.91275
0.00754143
-0.29161
0.999928
0.98437
-0.525431
-0.73004
-0.997805
-0.907276
0.0378223
-0.280734
0.999939
0.985843
-0.503
-0.721936
-0.997667
-0.904218
0.128358
-0.240507
0.999943
0.986817
-0.421609
-0.694212
-0.99773
-0.903872
0.236264
-0.187098
0.999943
0.987228
-0.315309
-0.657879
-0.997881
-0.90543
0.31264
-0.14354
0.999941
0.987159
-0.242492
-0.631497
-0.997976
-0.90708
0.328983
-0.129576
0.999941
0.986968
-0.250349
-0.631502
-0.997901
-0.906801
0.283246
-0.150767
0.999945
0.98715
-0.339442
-0.659053
-0.997595
-0.903457
0.196493
-0.195126
0.999954
0.987906
-0.465391
-0.699823
-0.997054
-0.897541
0.105508
-0.241764
0.999963
0.988987
-0.574572
-0.7367
-0.996376
-0.890785
0.0463105
-0.273102
0.99997
0.990046
-0.638412
-0.759436
-0.995756
-0.884895
0.0419108
-0.27935
0.999974
0.990921
-0.652244
-0.76465
-0.99541
-0.881013
0.0949423
-0.259212
0.999976
0.99157
-0.619732
-0.753016
-0.995438
-0.879656
0.185553
-0.21973
0.999977
0.991966
-0.549798
-0.728615
-0.995747
-0.880607
0.27818
-0.175081
0.999976
0.99209
-0.466344
-0.700432
-0.996126
-0.882807
0.339552
-0.142289
0.999974
0.991996
-0.409556
-0.681631
-0.996378
-0.884679
0.351903
-0.13473
0.999973
0.991846
-0.412908
-0.683043
-0.996385
-0.884707
0.315325
-0.155325
0.999974
0.991854
-0.476711
-0.70504
-0.996113
-0.882207
0.245371
-0.194924
0.999976
0.992115
-0.568383
-0.73744
-0.995614
-0.877724
0.169284
-0.237664
0.999979
0.992537
-0.649066
-0.7676
-0.995043
-0.872697
0.116193
-0.269108
0.999981
0.992972
-0.697107
-0.78726
-0.994626
-0.868543
0.108059
-0.279961
0.999982
0.993337
-0.70695
-0.793093
-0.994568
-0.866287
0.150882
-0.267694
0.999982
0.993599
-0.678257
-0.784836
-0.994918
-0.866374
0.232331
-0.236264
0.999981
0.993727
-0.612599
-0.76446
-0.995547
-0.868717
0.324033
-0.196209
0.999979
0.993679
-0.521744
-0.737477
-0.996232
-0.872493
0.396495
-0.161518
0.999975
0.993446
-0.436073
-0.713684
-0.996791
-0.87648
0.429462
-0.146198
0.999971
0.993086
-0.394225
-0.704278
-0.997135
-0.879214
0.41813
-0.157023
0.999968
0.992751
-0.414906
-0.714364
-0.997262
-0.879839
0.368839
-0.190856
0.999966
0.992577
-0.482627
-0.738957
-0.997221
-0.878299
0.302308
-0.234176
0.999966
0.992598
-0.559571
-0.766544
-0.99712
-0.875758
0.244916
-0.272087
0.999966
0.992709
-0.612599
-0.787098
-0.997081
-0.873467
0.225185
-0.291677
0.999965
0.992823
-0.62403
-0.794853
-0.997214
-0.872701
0.254896
-0.28808
0.999963
0.992865
-0.586516
-0.788027
-0.997533
-0.873893
0.329321
-0.261846
0.999957
0.992792
-0.497232
-0.767211
-0.997967
-0.877379
0.418154
-0.223756
0.999947
0.992508
-0.369956
-0.737502
-0.998391
-0.882318
0.492062
-0.187681
0.999933
0.991977
-0.245507
-0.709209
-0.998725
-0.88782
0.525779
-0.171938
0.999915
0.991213
-0.177445
-0.69628
-0.998935
-0.892013
0.516287
-0.184129
0.999897
0.990453
-0.190513
-0.705422
-0.999038
-0.894155
0.465392
-0.223284
0.999884
0.989903
-0.268961
-0.731744
-0.999063
-0.893782
0.396333
-0.272122
0.999877
0.989685
-0.363309
-0.761062
-0.999061
-0.892345
0.336203
-0.31397
0.999872
0.989626
-0.424971
-0.78158
-0.999078
-0.890947
0.321904
-0.332285
0.999863
0.989618
-0.422207
-0.786148
-0.999156
-0.891121
0.363577
-0.322919
0.999845
0.989503
-0.343745
-0.773094
-0.999286
-0.893207
0.44889
-0.288275
0.999812
0.98919
-0.197576
-0.744231
-0.999439
-0.897603
0.535416
-0.244841
0.999757
0.988471
-0.031757
-0.709006
-0.999571
-0.903201
0.592834
-0.211596
0.99968
0.987323
0.0863561
-0.682901
-0.999661
-0.908681
0.605181
-0.206904
0.999592
0.98593
0.114337
-0.680242
-0.999709
-0.912255
0.574686
-0.234081
0.999522
0.984791
0.0540398
-0.701606
-0.999725
-0.91336
0.509552
-0.283616
0.999488
0.984186
-0.0603083
-0.735009
-0.999721
-0.912346
0.434593
-0.335058
0.999481
0.984063
-0.169201
-0.764464
-0.999713
-0.910597
0.386178
-0.36902
0.999472
0.984141
-0.85729
-0.855945
-0.999924
-0.985868
-0.937277
-0.810278
0.997108
0.826331
-0.997637
-0.98127
-0.999925
-0.992045
-0.865594
-0.75575
0.997522
0.877325
-0.947028
-0.925187
-0.999921
-0.983783
-0.0111793
-0.383562
0.996804
0.920679
0.346818
-0.524966
-0.999966
-0.977903
0.942535
0.43258
0.989568
0.917062
0.975483
0.38945
-0.999996
-0.99066
0.997283
0.873714
0.864027
0.732677
0.992871
0.665804
-0.999998
-0.993902
0.999811
0.96394
0.73286
0.742977
0.999989
0.980097
-0.999988
-0.945221
0.999997
0.994726
0.647678
0.836008
1
0.999339
-0.999906
-0.443038
