0.99999
0.977102
0.988583
0.787561
0.975391
-0.801812
0.242661
-0.622147
-1
0.999985
-0.999994
-0.982818
0.999971
-0.9792
0.999587
0.989433
0.999993
0.999996
0.741073
-0.333978
-1
-0.755742
-1
-0.997821
0.999816
0.999829
0.995178
0.981028
0.999954
-0.876123
0.947181
0.00607595
-1
0.999995
-1
-0.998112
0.997569
-0.983311
0.998604
0.989628
0.999317
0.999995
0.342583
-0.291974
-1
-0.908383
-0.999518
-0.872676
0.999438
0.999922
0.996336
0.991172
0.894458
-0.911693
0.592547
-0.0381794
-1
0.99999
-0.999994
-0.969151
-0.932708
-0.989036
0.972809
0.987311
-0.959982
0.999993
-0.892938
-0.42611
1
-0.982959
0.999893
0.987562
-0.918521
0.999997
-0.989758
-0.956601
-0.967201
-0.978414
0.653926
0.809624
0.966401
0.999994
-0.595154
-0.703185
-0.999868
-0.965256
-0.709173
0.13755
1
0.999955
0.999999
0.997323
-0.820604
-0.860691
-0.883013
-0.912313
-0.994684
0.999941
-0.665035
0.446442
1
-0.988903
1
0.999758
-0.452565
0.999997
-0.978422
-0.949837
-0.769361
-0.979296
0.79812
0.816706
0.347874
0.999995
-0.934542
-0.900283
-0.0643965
-0.978319
0.87935
0.821189
-0.454778
0.999996
-0.976656
-0.945948
0.643989
-0.978876
0.93539
0.852382
0.036702
0.999996
-0.973173
-0.954199
0.912706
-0.978382
0.959825
0.859965
0.552627
0.999996
-0.964394
-0.956202
0.969797
-0.978148
0.970573
0.86135
0.752208
0.999996
-0.957323
-0.957026
0.977331
-0.97857
0.97204
0.856473
0.714325
0.999996
-0.96085
-0.959167
0.968853
-0.979956
0.968988
0.853242
0.420904
0.999996
-0.971184
-0.962076
0.917623
-0.981969
0.958193
0.848101
-0.276725
0.999996
-0.98195
-0.964905
0.651855
-0.984108
0.931597
0.836605
-0.733777
0.999995
-0.987184
-0.964493
-0.0135734
-0.985963
0.887738
0.821751
-0.773001
0.999994
-0.985238
-0.95667
-0.322678
-0.987392
0.865375
0.817433
-0.652589
0.999993
-0.979988
-0.948504
-0.0874796
-0.98842
0.888502
0.827159
-0.54542
0.999993
-0.978837
-0.950893
0.490766
-0.989205
0.928645
0.845527
-0.207963
0.999993
-0.975137
-0.95432
0.864981
-0.98986
0.95876
0.863812
0.432232
0.999993
-0.962575
-0.952709
0.953492
-0.990475
0.971621
0.872187
0.745338
0.999992
-0.946793
-0.948883
0.960614
-0.991233
0.972723
0.869921
0.741221
0.999991
-0.944907
-0.947173
0.939708
-0.992344
0.969848
0.871029
0.4928
0.99999
-0.955346
-0.946981
0.83444
-0.993633
0.961087
0.874203
-0.20044
0.999988
-0.970117
-0.947437
0.335427
-0.994847
0.938819
0.873864
-0.725617
0.999985
-0.978345
-0.944002
-0.475691
-0.995801
0.901666
0.870487
-0.789657
0.999981
-0.974899
-0.929238
-0.682449
-0.996479
0.888993
0.875009
-0.725391
0.999977
-0.967504
-0.915784
-0.514647
-0.996952
0.913642
0.887746
-0.624035
0.999975
-0.96356
-0.915724
0.0810426
-0.997291
0.947804
0.903728
-0.175389
0.999973
-0.949207
-0.913949
0.685375
-0.997525
0.969539
0.9148
0.53406
0.999971
-0.913741
-0.903793
0.798547
-0.997688
0.972515
0.910276
0.740174
0.999967
-0.884832
-0.893806
0.707924
-0.997913
0.966696
0.90146
0.631553
0.999961
-0.891404
-0.889289
0.592427
-0.99827
0.966146
0.909541
0.187381
0.999953
-0.91765
-0.888794
0.27299
-0.998639
0.963812
0.921997
-0.562469
0.999942
-0.947413
-0.890913
-0.310724
-0.99894
0.955925
0.931204
-0.878318
0.999928
-0.963675
-0.889217
-0.691252
-0.999145
0.945827
0.936057
-0.936084
0.999913
-0.967071
-0.88036
-0.739332
-0.99928
0.948112
0.941664
-0.936341
0.999899
-0.964678
-0.872673
-0.542173
-0.99937
0.962022
0.948533
-0.877843
0.999889
-0.95473
-0.865623
0.0753892
-0.999426
0.977152
0.955007
-0.563395
0.999881
-0.925193
-0.850851
0.631148
-0.999453
0.984928
0.956841
0.188516
0.999871
-0.866441
-0.82819
0.624893
-0.999455
0.981636
0.946383
0.489092
0.999858
-0.826446
-0.813396
0.374933
-0.99948
0.973729
0.934841
0.340932
0.99984
-0.837709
-0.810238
0.355724
-0.999551
0.976114
0.941305
-0.134482
0.999818
-0.877402
-0.817521
0.304948
-0.999633
0.980159
0.953028
-0.698741
0.999791
-0.921611
-0.830718
0.0142994
-0.999701
0.980472
0.960984
-0.929513
0.99976
-0.952186
-0.843922
-0.470295
-0.999747
0.975677
0.963442
-0.97847
0.999728
-0.966896
-0.851232
-0.732977
-0.999776
0.969589
0.963498
-0.986577
0.9997
-0.970692
-0.851071
-0.756343
-0.999793
0.969321
0.964013
-0.983225
0.999682
-0.968136
-0.848623
-0.573999
-0.999802
0.975493
0.965388
-0.958866
0.999676
-0.957803
-0.844234
-0.00863855
-0.999802
0.983565
0.966866
-0.816457
0.999679
-0.931138
-0.83408
0.5721
-0.999793
0.988235
0.965648
-0.23579
0.999684
-0.878775
-0.819156
0.637719
-0.999773
0.985832
0.955177
0.313844
0.999687
-0.831388
-0.812144
0.355616
-0.999755
0.975928
0.936592
0.351265
0.999683
-0.832264
-0.818054
0.271685
-0.999758
0.973023
0.931932
0.130559
0.999676
-0.861083
-0.831464
0.237211
-0.999774
0.97427
0.936452
-0.302156
0.999665
-0.9001
-0.848807
0.0988001
-0.999793
0.974589
0.942147
-0.680641
0.999653
-0.931799
-0.865305
-0.184066
-0.999807
0.971181
0.943837
-0.840151
0.999643
-0.949116
-0.876834
-0.391912
-0.999814
0.966575
0.942229
-0.862777
0.999639
-0.953258
-0.882231
-0.347656
-0.999813
0.966381
0.93996
-0.776267
0.999645
-0.946634
-0.884007
-0.00931803
-0.999806
0.971329
0.937625
-0.441299
0.999661
-0.92743
-0.883532
0.391129
-0.999791
0.975286
0.931753
0.176557
0.999678
-0.89598
-0.881917
0.498092
-0.99977
0.972259
0.916467
0.490245
0.999691
-0.877186
-0.88474
0.469369
-0.999755
0.966698
0.900696
0.479821
0.999697
-0.885745
-0.892809
0.485708
-0.999755
0.966238
0.897854
0.270673
0.999698
-0.908226
-0.903025
0.401273
-0.999765
0.965039
0.90006
-0.161792
0.999692
-0.9345
-0.913387
0.166907
-0.999778
0.960571
0.901895
-0.559608
0.999684
-0.953539
-0.921608
-0.138171
-0.999787
0.952574
0.899816
-0.712381
0.999676
-0.961573
-0.925776
-0.233154
-0.999791
0.948574
0.896599
-0.67411
0.999675
-0.960695
-0.927318
0.0173129
-0.999788
0.954844
0.8955
-0.423407
0.999684
-0.952771
-0.928652
0.469329
-0.999781
0.965338
0.894945
0.0912515
0.999697
-0.936944
-0.929133
0.724335
-0.99977
0.970796
0.888898
0.461907
0.999705
-0.922404
-0.930153
0.789307
-0.999762
0.970828
0.87859
0.500202
0.999706
-0.923907
-0.933788
0.796254
-0.999766
0.970438
0.875183
0.316463
0.999699
-0.936528
-0.938393
0.721906
-0.999779
0.967621
0.875416
-0.127466
0.999683
-0.953833
-0.943302
0.497918
-0.999796
0.960642
0.875361
-0.571828
0.99966
-0.967215
-0.947024
0.119088
-0.999812
0.949462
0.872329
-0.751787
0.999633
-0.972851
-0.947855
-0.0822102
-0.999823
0.943047
0.870294
-0.738273
0.999612
-0.971577
-0.946461
0.121463
-0.99983
0.950445
0.87351
-0.533124
0.999603
-0.964558
-0.945087
0.563108
-0.999833
0.964488
0.879755
0.000695151
0.9996
-0.948741
-0.942611
0.807051
-0.999833
0.973002
0.880508
0.485935
0.999592
-0.928077
-0.939508
0.855821
-0.999835
0.973795
0.872438
0.580512
0.999572
-0.921792
-0.93902
0.850943
-0.999844
0.973222
0.870014
0.45945
0.999537
-0.928759
-0.939741
0.7827
-0.999859
0.970897
0.873085
0.0666284
0.999483
-0.944298
-0.941198
0.573905
-0.999877
0.965499
0.87827
-0.464473
0.99941
-0.959517
-0.942366
0.137306
-0.999894
0.95582
0.881413
-0.740633
0.999321
-0.967365
-0.941056
-0.221235
-0.999907
0.947806
0.88411
-0.777826
0.99923
-0.966294
-0.936307
-0.182411
-0.999916
0.951962
0.890415
-0.636224
0.999156
-0.95682
-0.930384
0.231163
-0.999922
0.964891
0.898994
-0.153811
0.999098
-0.933866
-0.922783
0.586384
-0.999926
0.973102
0.901054
0.438657
0.999033
-0.896343
-0.91305
0.602393
-0.999928
0.970596
0.88882
0.596838
0.99894
-0.875153
-0.906665
0.539084
-0.999933
0.967704
0.882692
0.551823
0.998807
-0.873111
-0.902141
0.429123
-0.999941
0.966693
0.887321
0.335321
0.998624
-0.884937
-0.898298
0.237542
-0.99995
0.966423
0.898612
-0.0823688
0.998384
-0.904728
-0.895097
-0.00535964
-0.999959
0.966848
0.912378
-0.488573
0.998092
-0.921874
-0.891476
-0.22373
-0.999966
0.967523
0.92387
0.999972
0.999985
0.582509
-0.4858
-1
-0.95003
-1
-0.997166
0.999961
0.999836
0.996187
0.976188
0.999994
-0.970302
0.969386
-0.0867295
-1
0.999991
-1
-0.999302
0.999957
-0.996002
0.999593
0.988985
0.999996
0.999982
0.815204
-0.294186
-1
-0.944564
-1
-0.998399
0.999928
0.999794
0.996619
0.982538
0.999986
-0.976196
0.972434
0.0935973
-1
0.999988
-0.999999
-0.996732
0.999593
-0.996994
0.999435
0.991967
0.999917
0.999976
0.69849
-0.154133
-1
-0.971565
-0.999989
-0.983662
0.994328
0.999755
0.99103
0.986683
0.995491
-0.984275
0.890069
0.18617
-1
0.999978
-0.999996
-0.986163
-0.0394686
-0.998118
0.993778
0.991755
-0.115902
0.999961
-0.567417
-0.234082
0.999944
-0.998162
0.999864
0.996817
-0.231606
0.9998
-0.93173
-0.900386
-0.698063
-0.999644
0.922177
0.894378
-0.704793
0.999795
-0.952158
-0.901062
-0.172577
-0.999648
0.95523
0.913108
-0.580436
0.99981
-0.951894
-0.912011
0.276929
-0.99963
0.965642
0.914585
-0.00987884
0.999822
-0.929659
-0.909254
0.618383
-0.999598
0.971224
0.908852
0.478245
0.999831
-0.905283
-0.907676
0.67857
-0.999566
0.96912
0.895802
0.567766
0.999837
-0.90154
-0.91026
0.67213
-0.999555
0.967365
0.890335
0.410652
0.999838
-0.91662
-0.915609
0.58765
-0.999568
0.965558
0.892894
-0.0246043
0.999834
-0.939339
-0.921961
0.314941
-0.999592
0.959555
0.896032
-0.53359
0.999828
-0.95822
-0.927258
-0.129785
-0.999614
0.948043
0.895615
-0.749126
0.99982
-0.966412
-0.928381
-0.369349
-0.999625
0.939557
0.894113
-0.748085
0.999816
-0.965354
-0.926127
-0.217285
-0.999625
0.945741
0.896043
-0.571325
0.99982
-0.958106
-0.924879
0.289202
-0.999613
0.9607
0.900462
-0.0683802
0.999828
-0.941354
-0.923128
0.676096
-0.999593
0.970415
0.900196
0.470073
0.999834
-0.916975
-0.919965
0.757997
-0.99957
0.970481
0.890144
0.596908
0.999836
-0.908644
-0.919946
0.747932
-0.999568
0.968766
0.884837
0.466983
0.999833
-0.919433
-0.92257
0.667056
-0.999588
0.966841
0.88807
0.0563451
0.999825
-0.939344
-0.926286
0.401322
-0.999621
0.960876
0.892616
-0.494865
0.999812
-0.957845
-0.929594
-0.0815995
-0.999653
0.949406
0.894358
-0.752068
0.999797
-0.966461
-0.929162
-0.392753
-0.999674
0.939879
0.894895
-0.773347
0.999785
-0.965434
-0.924832
-0.306207
-0.999684
0.945149
0.898864
-0.631604
0.999782
-0.957719
-0.921185
0.168191
-0.999685
0.960541
0.905483
-0.166853
0.999786
-0.939316
-0.917029
0.606872
-0.999677
0.971185
0.907538
0.437002
0.999788
-0.908296
-0.910429
0.689834
-0.999664
0.970721
0.897591
0.611718
0.999785
-0.891789
-0.906916
0.64926
-0.999666
0.967628
0.890592
0.515921
0.999776
-0.899257
-0.906928
0.567432
-0.999687
0.966853
0.895558
0.172637
0.999759
-0.919426
-0.908614
0.326585
-0.999719
0.963978
0.903956
-0.388718
0.999737
-0.942319
-0.911017
-0.0860216
-0.99975
0.957982
0.911187
-0.725538
0.999711
-0.95599
-0.910926
-0.409578
-0.999773
0.951711
0.915494
-0.804274
0.999688
-0.958342
-0.906514
-0.416111
-0.999787
0.954247
0.920317
-0.736799
0.999674
-0.951469
-0.900482
-0.0777863
-0.999793
0.965182
0.926194
-0.424774
0.99967
-0.932042
-0.892801
0.38621
-0.999791
0.974201
0.928652
0.194294
0.999669
-0.894206
-0.88132
0.49813
-0.999783
0.973478
0.92006
0.517842
0.999662
-0.861495
-0.871805
0.366967
-0.999779
0.966993
0.907938
0.506109
0.999647
-0.85796
-0.867379
0.304413
-0.999789
0.966417
0.909686
0.302128
0.999625
-0.873954
-0.866689
0.206936
-0.999808
0.968058
0.919121
-0.13281
0.999597
-0.90141
-0.868909
0.0520168
-0.999829
0.970032
0.930854
-0.576592
0.999564
-0.926836
-0.872128
-0.171477
-0.999848
0.970114
0.939388
-0.792372
0.999531
-0.941866
-0.873106
-0.317699
-0.99986
0.970196
0.944705
-0.846505
0.999505
-0.945527
-0.870146
-0.259416
-0.999867
0.973222
0.948727
-0.803605
0.999491
-0.93843
-0.863466
0.022917
-0.999869
0.978461
0.951823
-0.614601
0.999487
-0.918334
-0.852876
0.333788
-0.999866
0.982082
0.95206
-0.224839
0.999488
-0.885147
-0.839409
0.406837
-0.99986
0.981201
0.946874
0.0860554
0.999486
-0.856142
-0.828574
0.295702
-0.999855
0.977356
0.939766
0.11184
0.999478
-0.850479
-0.823941
0.229564
-0.999857
0.976308
0.939318
-0.0773659
0.999467
-0.865099
-0.824972
0.206564
-0.999864
0.978019
0.944769
-0.396002
0.999453
-0.890198
-0.830167
0.152773
-0.999872
0.979971
0.951628
-0.679796
0.999438
-0.914942
-0.837006
0.0285126
-0.99988
0.980638
0.956714
-0.833676
0.999427
-0.932679
-0.842899
-0.112333
-0.999884
0.980335
0.959557
-0.891196
0.999424
-0.941604
-0.845962
-0.162142
-0.999885
0.980435
0.961031
-0.894751
0.999431
-0.942099
-0.845559
-0.0566052
-0.999883
0.981874
0.961847
-0.847566
0.99945
-0.934327
-0.842025
0.170294
-0.999877
0.983963
0.961813
-0.712962
0.999476
-0.918027
-0.836135
0.370234
-0.999867
0.985062
0.959899
-0.468456
0.999505
-0.896248
-0.829996
0.429215
-0.999855
0.984054
0.955315
-0.241533
0.999533
-0.87956
-0.827155
0.377568
-0.999842
0.981556
0.949826
-0.186833
0.999557
-0.87804
-0.829613
0.31011
-0.999833
0.979705
0.947091
-0.298395
0.999579
-0.890204
-0.836522
0.242853
-0.999827
0.978926
0.947474
-0.488113
0.999598
-0.908164
-0.845824
0.144703
-0.999823
0.978109
0.948743
-0.651437
0.999618
-0.924302
-0.855094
0.0279366
-0.999817
0.976719
0.94919
-0.735605
0.999639
-0.934262
-0.862344
-0.0367379
-0.999807
0.975437
0.948492
-0.737686
0.999663
-0.936759
-0.866739
0.0143773
-0.999791
0.975298
0.946927
-0.64743
0.999691
-0.931899
-0.868657
0.166731
-0.999769
0.976102
0.944291
-0.436436
0.99972
-0.920702
-0.869148
0.315382
-0.999741
0.976225
0.939618
-0.157204
0.999747
-0.907716
-0.870007
0.372633
-0.999707
0.974433
0.932687
0.015819
0.999771
-0.901912
-0.873387
0.358744
-0.999674
0.971714
0.926255
0.00178776
0.99979
-0.907853
-0.879817
0.312131
-0.999646
0.969493
0.923036
-0.159075
0.999807
-0.921392
-0.888063
0.22026
-0.999622
0.967124
0.921888
-0.368699
0.999822
-0.935546
-0.89623
0.094253
-0.999598
0.963921
0.920582
-0.511791
0.999835
-0.945219
-0.902669
0.0138712
-0.999567
0.961039
0.918349
-0.537165
0.999848
-0.94879
-0.906901
0.0641217
-0.999526
0.960658
0.915685
-0.436999
0.999863
-0.946948
-0.909725
0.240363
-0.999473
0.962902
0.912705
-0.2224
0.999877
-0.941431
-0.912088
0.430448
-0.999408
0.965283
0.908546
0.00589984
0.99989
-0.936
-0.914803
0.537342
-0.999338
0.965764
0.903036
0.0987066
0.9999
-0.936036
-0.918733
0.557305
-0.999272
0.964423
0.898093
0.0107163
0.999909
-0.942944
-0.923849
0.499789
-0.999217
0.96142
0.894717
-0.205725
0.999915
-0.952903
-0.92915
0.364374
-0.99917
0.956278
0.891568
-0.420979
0.99992
-0.961201
-0.933383
0.211415
-0.999119
0.95029
0.887893
-0.523924
0.999925
-0.965377
-0.935875
0.171982
-0.999056
0.947543
0.884816
-0.495832
0.999931
-0.965592
-0.937302
0.310784
-0.998977
0.950762
0.883514
-0.343714
0.999937
-0.962922
-0.938672
0.53536
-0.998882
0.957273
0.883252
-0.102653
0.999942
-0.958497
-0.940015
0.697267
-0.998778
0.962416
0.882033
0.0916677
0.999947
-0.955131
-0.941461
0.760129
-0.99868
0.964105
0.879272
0.11099
0.99995
-0.95636
-0.943546
0.747474
-0.998605
0.962505
0.876352
-0.0580393
0.999953
-0.962067
-0.946146
0.657808
-0.998557
0.957611
0.873551
-0.324769
0.999954
-0.968835
-0.948446
0.482478
-0.998523
0.949686
0.870188
-0.525638
0.999955
-0.973362
-0.949441
0.304997
-0.998488
0.942183
0.867241
-0.586385
0.999956
-0.97446
-0.948915
0.285517
-0.998439
0.941236
0.86704
-0.518476
0.999958
-0.972693
-0.947994
0.455308
-0.998373
0.948225
0.87022
-0.321649
0.99996
-0.968584
-0.947345
0.666141
-0.998294
0.957555
0.874538
-0.0335388
0.999962
-0.962514
-0.946443
0.785713
-0.998217
0.963649
0.876892
0.169881
0.999963
-0.957523
-0.945521
0.813142
-0.998163
0.965023
0.876783
0.155292
0.999964
-0.957843
-0.945379
0.76768
-0.998154
0.962447
0.876372
-0.0732453
0.999963
-0.963163
-0.945878
0.621246
-0.998188
0.955948
0.876099
-0.385502
0.999962
-0.969349
-0.945943
0.349029
-0.998239
0.946065
0.875407
-0.580339
0.999961
-0.972563
-0.944157
0.105243
-0.998281
0.938197
0.8759
-0.610073
0.99996
-0.971625
-0.940479
0.105004
-0.998301
0.940057
0.879911
-0.502083
0.99996
-0.967379
-0.936919
0.340933
-0.998296
0.950458
0.886825
-0.243111
0.99996
-0.959774
-0.933849
0.59662
-0.998275
0.960794
0.893056
0.0896233
0.999961
-0.949197
-0.930167
0.708727
-0.998256
0.965514
0.89541
0.250117
0.99996
-0.941989
-0.926835
0.692565
-0.998271
0.965036
0.89576
0.141021
0.999959
-0.944194
-0.925071
0.563002
-0.998338
0.961462
0.897878
-0.182858
0.999957
-0.952711
-0.924232
0.281845
-0.998436
0.954843
0.901004
-0.505716
0.999955
-0.960445
-0.922389
-0.0556018
-0.99853
0.947182
0.904032
-0.647693
0.999952
-0.962839
-0.917846
-0.192483
-0.998596
0.945479
0.908291
-0.632834
0.99995
-0.959769
-0.911974
-0.0410081
-0.99863
0.953034
0.914461
-0.469922
0.99995
-0.951575
-0.906511
0.292382
-0.998634
0.963604
0.920487
-0.130658
0.99995
-0.936691
-0.899984
0.529599
-0.998619
0.969808
0.922899
0.178865
0.99995
-0.920154
-0.89282
0.56408
-0.99861
0.970148
0.921554
0.207516
0.999948
-0.915597
-0.888215
0.475354
-0.998645
0.968438
0.922393
-0.0490896
0.999946
-0.925762
-0.887085
0.289822
-0.998724
0.966518
0.927167
-0.441658
0.999944
-0.941218
-0.88782
0.00450619
-0.998813
0.963311
0.93229
-0.703934
0.999941
-0.952462
-0.887397
-0.231149
-0.99888
0.960505
0.936277
-0.792466
0.999938
-0.956209
-0.884072
-0.250934
-0.998915
0.962318
0.940159
-0.772073
0.999937
-0.953035
-0.878895
-0.0218117
-0.998919
0.968945
0.944256
-0.629515
0.999938
-0.942365
-0.87218
0.328711
-0.998895
0.975753
0.947144
-0.316994
0.99994
-0.923412
-0.863249
0.532911
-0.99885
0.978717
0.946726
-0.0220058
0.999941
-0.904919
-0.855076
0.54001
-0.998808
0.977752
0.943868
-0.016091
0.999941
-0.902973
-0.852206
0.454576
-0.998806
0.976265
0.943808
-0.291287
0.99994
-0.918243
-0.855202
0.297729
-0.998843
0.975171
0.947148
-0.632449
0.99994
-0.938267
-0.86131
0.0280995
-0.998886
0.972546
0.950143
-0.825384
0.999939
-0.952809
-0.866383
-0.237069
-0.998907
0.968927
0.951524
-0.887768
0.999939
-0.959029
-0.867743
-0.311841
-0.998895
0.968023
0.952475
-0.881437
0.999941
-0.958002
-0.866085
-0.135547
-0.998849
0.971771
0.953807
-0.800565
0.999944
-0.950063
-0.862715
0.232555
-0.998766
0.977363
0.954805
-0.564621
0.999948
-0.93386
-0.857316
0.526276
-0.998647
0.980744
0.953568
-0.190236
0.999952
-0.913366
-0.851851
0.600708
-0.998503
0.980088
0.948911
-0.00474383
0.999955
-0.904462
-0.851382
0.536114
-0.998384
0.977175
0.944378
-0.152094
0.999957
-0.915631
-0.857676
0.396145
-0.998324
0.974394
0.943692
-0.486798
0.999959
-0.936114
-0.867936
0.12884
-0.99829
0.969976
0.94397
-0.740794
0.999961
-0.952803
-0.8774
-0.194135
-0.998235
0.963123
0.942627
-0.833416
0.999963
-0.960546
-0.882373
-0.33336
-0.998127
0.958467
0.940652
-0.821314
0.999965
-0.960403
-0.883741
-0.192193
-0.997953
0.960824
0.9395
-0.696605
0.999969
-0.954005
-0.884557
0.188763
-0.997698
0.967569
0.938558
-0.354822
0.999972
-0.940544
-0.884691
0.526246
-0.997357
0.972321
0.935197
0.103989
0.999975
-0.923948
-0.884905
0.629373
-0.996958
0.971532
0.927436
0.276356
0.999978
-0.919624
-0.888954
0.587397
-0.996607
0.967446
0.920093
0.0986715
0.99998
-0.932843
-0.89744
0.434832
-0.996372
0.961908
0.916914
-0.307695
0.999981
-0.951513
-0.907264
0.0960879
-0.996184
0.951242
0.913362
-0.619306
0.999982
-0.963959
-0.913862
-0.258167
-0.995937
0.936585
0.907477
-0.697345
0.999983
-0.967265
-0.915117
-0.326337
-0.995562
0.930211
0.90251
-0.619159
0.999985
-0.9653
-0.91602
-0.0590119
-0.995025
0.938323
0.900488
-0.387617
0.999987
-0.961021
-0.920201
0.410521
-0.994318
0.952168
0.899905
0.0241833
0.999988
-0.953593
-0.924668
0.712673
-0.993472
0.961319
0.896917
0.352496
0.99999
-0.947152
-0.928578
0.800591
-0.992607
0.96306
0.890232
0.378491
0.999991
-0.95023
-0.933768
0.780105
-0.991915
0.959539
0.883777
0.0999759
0.999991
-0.961643
-0.940074
0.629027
-0.991438
0.949334
0.877176
-0.358966
0.999992
-0.973014
-0.945368
0.249477
-0.991034
0.928605
0.86694
-0.623201
0.999992
-0.978365
-0.946579
-0.123095
-0.990524
0.905245
0.855787
-0.633686
0.999992
-0.977685
-0.943868
-0.121993
-0.989795
0.901442
0.850418
-0.532686
0.999993
-0.976061
-0.944389
0.246478
-0.988822
0.91973
0.852371
-0.341281
0.999994
-0.975085
-0.949288
0.683789
-0.987654
0.943303
0.858419
0.0283447
0.999994
-0.97161
-0.95324
0.885582
-0.986383
0.959295
0.86288
0.390705
0.999995
-0.966356
-0.95504
0.938821
-0.985194
0.965604
0.862176
0.497997
0.999995
-0.965152
-0.956696
0.940963
-0.984375
0.964896
0.85836
0.326987
0.999995
-0.970623
-0.959191
0.900837
-0.984072
0.957824
0.853366
-0.129645
0.999995
-0.978691
-0.961801
0.743802
-0.984134
0.940962
0.844977
-0.56727
0.999995
-0.984315
-0.962691
0.356135
-0.984286
0.913434
0.833774
-0.70653
0.999995
-0.985208
-0.959597
0.0267521
-0.98431
0.891875
0.82696
-0.655046
0.999995
-0.982584
-0.954409
0.100316
-0.984104
0.897694
0.830182
-0.538417
0.999995
-0.980459
-0.953608
0.472212
-0.983697
0.92284
0.841346
-0.306988
0.999995
-0.978093
-0.955627
0.793664
-0.983198
0.947729
0.854835
0.123929
0.999996
-0.972219
-0.955835
0.916468
-0.982743
0.962323
0.864274
0.470847
0.999996
-0.964502
-0.95419
0.941411
-0.982563
0.966545
0.86687
0.518924
0.999996
-0.96237
-0.953028
0.921505
-0.982959
0.963654
0.866723
0.261843
0.999996
-0.968169
-0.95307
0.817038
-0.983939
0.953351
0.865909
-0.272554
0.999995
-0.976355
-0.952995
0.429658
-0.985168
0.930683
0.862074
-0.634371
0.999995
-0.98033
-0.949189
-0.183148
-0.986273
0.899745
0.857843
-0.665124
0.999994
-0.977045
-0.93822
-0.385129
-0.98706
0.890059
0.861076
-0.568258
0.999994
-0.9715
-0.92911
-0.176164
-0.987529
0.909841
0.871927
-0.429048
0.999994
-0.968245
-0.928774
0.317243
-0.987782
0.938484
0.886052
-0.0823798
0.999994
-0.960958
-0.92882
0.703064
-0.987906
0.958495
0.897153
0.351697
0.999994
-0.947604
-0.925063
0.813633
-0.988056
0.965326
0.900723
0.494715
0.999994
-0.939199
-0.920742
0.775126
-0.988539
0.963499
0.901018
0.286007
0.999993
-0.945515
-0.918891
0.581932
-0.989485
0.956878
0.904114
-0.248895
0.999993
-0.959172
-0.918376
0.0761193
-0.990592
0.942535
0.906951
-0.66171
0.999992
-0.968125
-0.914377
-0.445668
-0.991512
0.924217
0.908731
-0.765969
0.999991
-0.968166
-0.903466
-0.566023
-0.992132
0.921732
0.913653
-0.756409
0.99999
-0.965111
-0.895333
-0.372918
-0.992485
0.937618
0.921708
-0.649991
0.99999
-0.959986
-0.893209
0.139013
-0.992617
0.958031
0.930219
-0.28547
0.99999
-0.945948
-0.888882
0.609529
-0.992573
0.971405
0.935397
0.247107
0.99999
-0.921987
-0.88006
0.728145
-0.992464
0.974021
0.93367
0.419564
0.99999
-0.908868
-0.873479
0.656361
-0.99261
0.971064
0.931196
0.152613
0.99999
-0.922063
-0.873797
0.463853
-0.993169
0.968101
0.935179
-0.445932
0.999989
-0.946693
-0.879221
0.00254311
-0.993843
0.960736
0.939404
-0.819503
0.999988
-0.964064
-0.882863
-0.504055
-0.994344
0.947885
0.940536
-0.910795
0.999987
-0.969721
-0.878723
-0.658134
-0.994618
0.942334
0.942086
-0.917809
0.999987
-0.969064
-0.873019
-0.541506
-0.994689
0.950615
0.945485
-0.876172
0.999987
-0.964745
-0.871322
-0.0998047
-0.994571
0.965052
0.949529
-0.682843
0.999988
-0.951892
-0.867769
0.516387
-0.994274
0.977053
0.952393
-0.124436
0.999988
-0.925249
-0.859222
0.754754
-0.993813
0.980778
0.94985
0.33899
0.999989
-0.899178
-0.85214
0.723197
-0.99339
0.977227
0.94233
0.279163
0.999989
-0.90449
-0.854977
0.595746
-0.993391
0.973511
0.940756
-0.231554
0.999989
-0.933105
-0.866267
0.273726
-0.993703
0.968153
0.943191
-0.745833
0.999989
-0.959005
-0.878974
-0.347891
-0.993962
0.953763
0.941903
-0.904672
0.999988
-0.970434
-0.883182
-0.685692
-0.994
0.937009
0.938668
-0.920312
0.999988
-0.97092
-0.87859
-0.683175
-0.993805
0.936214
0.937818
-0.89005
0.999989
-0.968301
-0.878992
-0.420454
-0.993362
0.948649
0.938605
-0.748289
0.99999
-0.960638
-0.882377
0.233396
-0.992637
0.965201
0.939953
-0.228575
0.999991
-0.941877
-0.88305
0.710471
-0.991608
0.974568
0.937481
0.451987
0.999992
-0.913543
-0.881118
0.784512
-0.990372
0.972712
0.925938
0.608507
0.999992
-0.906265
-0.885145
0.72282
-0.989537
0.966642
0.916002
0.367152
0.999993
-0.9282
-0.89599
0.553365
-0.989386
0.960293
0.914915
-0.275473
0.999993
-0.955935
-0.908957
-0.000569339
-0.989464
0.941696
0.910953
-0.726058
0.999993
-0.971031
-0.915326
-0.585909
-0.98931
0.907741
0.901153
-0.77295
0.999993
-0.970613
-0.908142
-0.695316
-0.98875
0.891024
0.893972
-0.690697
0.999993
-0.966447
-0.90426
-0.516489
-0.987753
0.903876
0.891501
-0.54245
0.999994
-0.965188
-0.913061
0.0488537
-0.986313
0.931259
0.892662
-0.147785
0.999995
-0.96057
-0.923626
0.682291
-0.984443
0.955376
0.89425
0.42814
0.999995
-0.949566
-0.929887
0.884276
-0.982326
0.965576
0.889559
0.684107
0.999996
-0.941865
-0.934282
0.915219
-0.980504
0.965747
0.87991
0.63211
0.999996
-0.949711
-0.940585
0.891358
-0.979602
0.961267
0.873697
0.252229
0.999996
-0.965825
-0.947775
0.73528
-0.979451
0.946183
0.865372
-0.429298
0.999996
-0.979272
-0.953363
0.163414
-0.979509
0.908666
0.848631
-0.711956
0.999996
-0.983116
-0.951571
-0.406096
-0.979262
0.860804
0.83029
-0.608911
0.999996
-0.977585
-0.940964
-0.425892
-0.978467
0.852947
0.822706
-0.496784
0.999996
-0.975366
-0.940504
-0.0343009
-0.977194
0.883642
0.826106
-0.420722
0.999996
-0.97809
-0.950374
0.602754
-0.975591
0.925894
0.837808
-0.101516
0.999997
-0.977489
-0.958359
0.91177
-0.973794
0.956283
0.850207
0.463793
0.999997
-0.970302
-0.96072
0.975232
-0.972067
0.970382
0.855592
0.755993
0.999997
-0.96131
-0.960746
0.985061
-0.97093
0.973691
0.852458
0.782476
0.999997
-0.960845
-0.961778
0.982902
-0.971058
0.972161
0.849413
0.625407
0.999997
-0.968613
-0.963761
0.963125
-0.972411
0.964924
0.846279
0.0814969
0.999997
-0.97937
-0.966173
0.851038
-0.974465
0.945385
0.838089
-0.59815
0.999997
-0.986842
-0.967114
0.343712
-0.97656
0.904155
0.823434
-0.781995
0.999996
-0.987584
-0.961787
-0.263451
-0.978266
0.860194
0.813348
-0.667693
0.999996
-0.981433
-0.949131
-0.293773
-0.979423
0.861962
0.818459
-0.546598
0.999996
-0.977861
-0.945329
0.109627
-0.980153
0.898321
0.834409
-0.401222
0.999996
-0.977229
-0.94976
0.658927
-0.980656
0.937851
0.854927
0.0490301
0.999996
-0.971337
-0.951545
0.900338
-0.981075
0.961786
0.870994
0.562531
0.999996
-0.958049
-0.948501
0.948014
-0.981621
0.969573
0.876115
0.712987
0.999996
-0.948464
-0.944911
0.93791
-0.982729
0.968103
0.875767
0.581106
0.999995
-0.953153
-0.943466
0.866766
-0.984583
0.961386
0.878469
0.0646758
0.999995
-0.965849
-0.943172
0.523843
-0.986723
0.943275
0.879586
-0.580311
0.999994
-0.975983
-0.94063
-0.306049
-0.988628
0.906977
0.876783
-0.743272
0.999993
-0.97507
-0.927001
-0.670579
-0.990037
0.881956
0.87882
-0.685839
0.999992
-0.966866
-0.908343
-0.618861
-0.990995
0.896786
0.889048
-0.654949
0.999991
-0.964876
-0.906201
-0.263409
-0.991655
0.928818
0.903045
-0.443144
0.999991
-0.958934
-0.907882
0.418428
-0.992058
0.958054
0.916278
0.144485
0.999991
-0.939578
-0.90345
0.768175
-0.992286
0.971303
0.921695
0.60108
0.99999
-0.910727
-0.893527
0.780337
-0.99253
0.970303
0.916786
0.615682
0.99999
-0.90422
-0.887336
0.675469
-0.993191
0.966823
0.917292
0.247372
0.999988
-0.924548
-0.887005
0.416216
-0.994182
0.963423
0.925787
-0.488433
0.999987
-0.951679
-0.890383
-0.196439
-0.995119
0.952543
0.932032
-0.855598
0.999985
-0.967295
-0.889514
-0.67293
-0.99579
0.936497
0.934588
-0.923934
0.999982
-0.970263
-0.879368
-0.757216
-0.996222
0.934748
0.938743
-0.930865
0.999981
-0.969265
-0.872282
-0.628913
-0.996478
0.948215
0.944553
-0.894468
0.99998
-0.964565
-0.869992
-0.140443
-0.996589
0.966574
0.950711
-0.693212
0.99998
-0.948731
-0.86373
0.565408
-0.996577
0.980113
0.955134
-0.0291235
0.99998
-0.911809
-0.849189
0.782146
-0.996447
0.983175
0.952037
0.46539
0.99998
-0.873356
-0.836092
0.695973
-0.996348
0.977843
0.942211
0.38458
0.999979
-0.879087
-0.835739
0.583681
-0.996567
0.975837
0.943127
-0.170571
0.999978
-0.916045
-0.846436
0.346041
-0.996968
0.974789
0.950154
-0.772368
0.999976
-0.951872
-0.86181
-0.28898
-0.997309
0.965496
0.952435
-0.94648
0.999974
-0.970286
-0.870879
-0.748228
-0.997508
0.94856
0.950486
-0.971555
0.999972
-0.974403
-0.867446
-0.829646
-0.997591
0.941432
0.949732
-0.970144
0.999972
-0.973417
-0.864231
-0.749494
-0.997575
0.948766
0.950649
-0.946643
0.999973
-0.969165
-0.866181
-0.379067
-0.997458
0.963672
0.952391
-0.813455
0.999975
-0.955864
-0.866335
0.424875
-0.997231
0.977854
0.953884
-0.161653
0.999977
-0.922005
-0.859764
0.780578
-0.996863
0.982251
0.948457
0.568027
0.999979
-0.87509
-0.852689
0.719786
-0.996404
0.974386
0.929785
0.649525
0.999979
-0.870953
-0.857963
0.619829
-0.996233
0.96832
0.920921
0.37135
0.99998
-0.904399
-0.872139
0.48365
-0.996364
0.966496
0.925243
-0.328272
0.99998
-0.943898
-0.890065
-0.0325028
-0.996559
0.955121
0.926334
-0.802403
0.999979
-0.966898
-0.902313
-0.632405
-0.99664
0.928461
0.919621
-0.882271
0.999979
-0.971105
-0.900361
-0.772084
-0.996571
0.910599
0.913034
-0.843331
0.999979
-0.967377
-0.896142
-0.643835
-0.996357
0.919957
0.910526
-0.727891
0.999981
-0.964006
-0.90329
-0.118125
-0.995994
0.943389
0.910785
-0.29783
0.999983
-0.953852
-0.911592
0.632259
-0.99547
0.964417
0.910673
0.479736
0.999985
-0.930762
-0.915246
0.860531
-0.994803
0.970679
0.900291
0.775822
0.999987
-0.912813
-0.9189
0.884633
-0.994227
0.967787
0.883661
0.74939
0.999988
-0.923617
-0.927054
0.881561
-0.99406
0.966617
0.880418
0.493484
0.999988
-0.946525
-0.936266
0.766964
-0.994173
0.958325
0.877972
-0.242667
0.999988
-0.969741
-0.945225
0.249567
-0.994391
0.932301
0.867938
-0.750612
0.999987
-0.980858
-0.948586
-0.493237
-0.994505
0.883279
0.849509
-0.766602
0.999986
-0.978266
-0.939723
-0.636447
-0.994439
0.860825
0.838483
-0.63911
0.999986
-0.972915
-0.934286
-0.351863
-0.994197
0.886451
0.839147
-0.542147
0.999987
-0.974677
-0.943975
0.417514
-0.993836
0.930982
0.850275
-0.149227
0.999989
-0.972435
-0.953116
0.895296
-0.993381
0.963101
0.862829
0.584509
0.99999
-0.958376
-0.954888
0.975592
-0.99288
0.975749
0.864271
0.861843
0.999991
-0.940682
-0.95431
0.985211
-0.992515
0.977357
0.853966
0.884433
0.999991
-0.939673
-0.95609
0.986444
-0.992596
0.977672
0.85213
0.831724
0.99999
-0.947899
-0.957987
0.976836
-0.993029
0.974157
0.851942
0.536146
0.99999
-0.96456
-0.960898
0.924919
-0.993724
0.964186
0.851652
-0.296217
0.999989
-0.979839
-0.963889
0.570539
-0.994454
0.935866
0.842112
-0.81416
0.999987
-0.987036
-0.963385
-0.325552
-0.995059
0.882504
0.826946
-0.836
0.999984
-0.983847
-0.951929
-0.606425
-0.995486
0.857203
0.824937
-0.700328
0.999982
-0.9758
-0.939626
-0.365843
-0.995747
0.888302
0.838251
-0.599079
0.999982
-0.974728
-0.943306
0.36364
-0.995914
0.935653
0.860502
-0.146469
0.999983
-0.967627
-0.946606
0.865123
-0.996011
0.966543
0.879946
0.635651
0.999983
-0.942515
-0.941727
0.950255
-0.996055
0.975349
0.881736
0.861082
0.999982
-0.914805
-0.935362
0.943695
-0.996192
0.972515
0.871392
0.837732
0.99998
-0.915431
-0.933138
0.923281
-0.996606
0.971577
0.877434
0.680212
0.999977
-0.92875
-0.931212
0.799185
-0.997131
0.964892
0.885038
-9.99415e-05
0.999973
-0.954294
-0.931591
0.275595
-0.997676
0.949694
0.893587
-0.732051
0.999967
-0.971524
-0.929621
-0.615022
-0.9981
0.915488
0.894598
-0.875393
0.999959
-0.972573
-0.914309
-0.839538
-0.998387
0.894973
0.899047
-0.866191
0.999951
-0.965653
-0.894634
-0.790647
-0.998576
0.913503
0.91031
-0.853216
0.999947
-0.963968
-0.893203
-0.483377
-0.998699
0.944633
0.923468
-0.662239
0.999945
-0.952305
-0.891271
0.362308
-0.998761
0.971216
0.935142
0.142624
0.999944
-0.911407
-0.878087
0.753803
-0.998761
0.97917
0.934177
0.745305
0.999941
-0.842224
-0.857564
0.552911
-0.998724
0.966281
0.910165
0.784881
0.999935
-0.820454
-0.845374
0.422574
-0.998815
0.961694
0.90612
0.654561
0.999927
-0.837716
-0.839917
0.366459
-0.998991
0.96633
0.920594
0.153247
0.999916
-0.883928
-0.842949
0.252667
-0.999193
0.972768
0.940736
-0.653957
0.999903
-0.933024
-0.85275
-0.202866
-0.999357
0.971869
0.952942
-0.942019
0.999887
-0.962303
-0.86103
-0.712299
-0.999462
0.962346
0.956674
-0.983892
0.99987
-0.973169
-0.859744
-0.867766
-0.999526
0.954459
0.958458
-0.989933
0.999856
-0.975089
-0.852402
-0.863922
-0.999563
0.957963
0.961373
-0.989021
0.999848
-0.973731
-0.848637
-0.739069
-0.999581
0.968252
0.96462
-0.976257
0.999846
-0.966354
-0.843693
-0.218224
-0.999581
0.980742
0.968216
-0.894701
0.99985
-0.945215
-0.832199
0.57962
-0.999564
0.988898
0.970267
-0.421431
0.999855
-0.895405
-0.811266
0.786591
-0.999521
0.989736
0.965242
0.270106
0.999858
-0.834396
-0.794251
0.594783
-0.999466
0.982234
0.949772
0.341819
0.999858
-0.828485
-0.795586
0.452217
-0.999463
0.978501
0.945069
0.00324145
0.999856
-0.865728
-0.809236
0.414098
-0.999501
0.980558
0.951993
-0.565627
0.999852
-0.914369
-0.830538
0.148001
-0.999546
0.979777
0.957826
-0.887624
0.999848
-0.950102
-0.851638
-0.410041
-0.999574
0.972194
0.957929
-0.965051
0.999845
-0.967184
-0.864945
-0.738668
-0.999581
0.960627
0.954709
-0.975178
0.999845
-0.97077
-0.867723
-0.770326
-0.999569
0.956941
0.952264
-0.962429
0.999851
-0.967489
-0.868679
-0.569779
-0.999539
0.964189
0.95137
-0.889504
0.999864
-0.956564
-0.870289
0.0690864
-0.999485
0.97547
0.950815
-0.460461
0.999879
-0.927334
-0.867448
0.633391
-0.999399
0.981209
0.945098
0.448429
0.999893
-0.873402
-0.861548
0.623634
-0.999272
0.973456
0.921644
0.707098
0.999902
-0.849414
-0.865851
0.509937
-0.999174
0.963215
0.899902
0.646513
0.999909
-0.870329
-0.878275
0.555421
-0.999148
0.964873
0.901427
0.361306
0.999913
-0.907377
-0.894234
0.423585
-0.999161
0.963202
0.906628
-0.286807
0.999915
-0.944412
-0.909838
-0.0177825
-0.999184
0.952653
0.907204
-0.744402
0.999916
-0.965578
-0.92035
-0.517509
-0.999182
0.931077
0.899594
-0.83268
0.999916
-0.970252
-0.92154
-0.619805
-0.999144
0.919782
0.891978
-0.765862
0.999921
-0.967132
-0.921473
-0.321958
-0.999072
0.933462
0.889751
-0.5325
0.999929
-0.961839
-0.927495
0.417
-0.998965
0.95683
0.891598
0.118463
0.999938
-0.947457
-0.932301
0.834924
-0.998825
0.970588
0.888446
0.673871
0.999945
-0.925779
-0.934289
0.911961
-0.998674
0.972291
0.873488
0.771991
0.999949
-0.922817
-0.939097
0.931622
-0.998589
0.972604
0.865577
0.69565
0.999952
-0.935866
-0.945105
0.917104
-0.998582
0.97078
0.864384
0.339561
0.999952
-0.956386
-0.951427
0.813398
-0.99863
0.962339
0.862006
-0.413421
0.999951
-0.974962
-0.957451
0.378372
-0.998693
0.939826
0.851808
-0.8139
0.999948
-0.983804
-0.959776
-0.276593
-0.998734
0.904943
0.836544
-0.854605
0.999945
-0.983505
-0.955587
-0.387293
-0.998741
0.895346
0.831082
-0.775708
0.999944
-0.98017
-0.953009
0.0980758
-0.998713
0.924043
0.839887
-0.565454
0.999948
-0.977169
-0.956708
0.765888
-0.998662
0.958213
0.856475
0.180172
0.999952
-0.964465
-0.957131
0.9564
-0.998593
0.976058
0.866335
0.793322
0.999954
-0.937609
-0.953491
0.978613
-0.998519
0.979032
0.85668
0.888525
0.999954
-0.923703
-0.952466
0.981799
-0.998521
0.979179
0.850589
0.880944
0.999953
-0.924904
-0.952493
0.976749
-0.998609
0.978159
0.853015
0.780479
0.999949
-0.937185
-0.952723
0.948543
-0.998758
0.973973
0.859106
0.331106
0.999942
-0.957857
-0.953993
0.79564
-0.998938
0.962923
0.864694
-0.551689
0.999933
-0.975592
-0.955258
0.0394969
-0.999101
0.93374
0.86176
-0.872265
0.999919
-0.981964
-0.950851
-0.663713
-0.999222
0.894458
0.857868
-0.863064
0.999902
-0.975959
-0.935031
-0.721227
-0.999302
0.894948
0.866198
-0.785839
0.999892
-0.968682
-0.925831
-0.377395
-0.999352
0.930267
0.883696
-0.559494
0.99989
-0.960135
-0.92572
0.473011
-0.99938
0.964181
0.902632
0.297224
0.999889
-0.926799
-0.917717
0.824488
-0.999383
0.975783
0.90528
0.814873
0.999884
-0.867529
-0.903321
0.73233
-0.999372
0.965609
0.87972
0.836324
0.999873
-0.852535
-0.895878
0.709477
-0.999423
0.965484
0.881602
0.78414
0.999857
-0.854211
-0.888658
0.520317
-0.999499
0.96198
0.889291
0.462603
0.999832
-0.885818
-0.88412
0.312294
-0.999597
0.965328
0.912458
-0.301711
0.9998
-0.924586
-0.883321
-0.171273
-0.999683
0.963527
0.930152
-0.839101
0.999759
-0.95317
-0.882917
-0.636778
-0.999743
0.957055
0.940196
-0.950852
0.999715
-0.964657
-0.876736
-0.791289
-0.999782
0.954475
0.946868
-0.967986
0.999675
-0.965828
-0.866253
-0.735181
-0.999806
0.963215
0.954022
-0.959284
0.999647
-0.960663
-0.856526
-0.383591
-0.99982
0.976623
0.96112
-0.887836
0.99963
-0.941965
-0.841051
0.367054
-0.999826
0.986836
0.966397
-0.515018
0.999618
-0.893732
-0.813918
0.691592
-0.999822
0.989428
0.964813
0.145798
0.999604
-0.821851
-0.783626
0.487764
-0.999811
0.983313
0.952136
0.296172
0.999581
-0.793033
-0.767495
0.300457
-0.999816
0.979427
0.947229
0.0659981
0.999551
-0.813015
-0.763794
0.391072
-0.999835
0.983749
0.956294
-0.425311
0.999515
-0.860844
-0.771982
0.454645
-0.999859
0.988258
0.967647
-0.840319
0.999475
-0.913131
-0.788234
0.244838
-0.99988
0.989301
0.974589
-0.973958
0.999433
-0.952598
-0.809208
-0.426981
-0.999894
0.985148
0.976182
-0.995868
0.999394
-0.974118
-0.827907
-0.874369
-0.999901
0.973933
0.974255
-0.998746
0.999364
-0.982088
-0.83489
-0.960991
-0.999903
0.960524
0.971805
-0.999174
0.999352
-0.983912
-0.8335
-0.973904
-0.999901
0.953467
0.970144
-0.999151
0.999371
-0.984025
-0.835556
-0.972637
-0.999895
0.951099
0.968117
-0.998586
0.999417
-0.982141
-0.839684
-0.950349
-0.999883
0.955916
0.966074
-0.996221
0.999486
-0.977814
-0.847359
-0.844251
-0.999864
0.966247
0.964028
-0.980041
0.999567
-0.966539
-0.853569
-0.250155
-0.999836
0.979313
0.962417
-0.774139
0.999647
-0.933733
-0.853018
0.655727
-0.999789
0.986598
0.956705
0.458831
0.999715
-0.844715
-0.843928
0.574782
-0.999703
0.973908
0.91895
0.852307
0.999764
-0.782826
-0.851368
0.158243
-0.999602
0.940704
0.85628
0.874357
0.999797
-0.79728
-0.867911
0.600332
-0.999544
0.954724
0.854542
0.87563
0.999828
-0.831477
-0.89238
0.750376
-0.999505
0.962259
0.859975
0.802684
0.999847
-0.875125
-0.910538
0.772603
-0.999489
0.965775
0.870469
0.441915
0.999859
-0.92616
-0.92717
0.622923
-0.999494
0.962209
0.879364
-0.462188
0.999865
-0.964775
-0.941912
-0.0944042
-0.999496
0.936396
0.870262
-0.880052
0.999868
-0.980894
-0.949338
-0.722373
-0.999475
0.88461
0.846806
-0.887052
0.999867
-0.979273
-0.943339
-0.770383
-0.999428
0.864965
0.830216
-0.806305
0.999878
-0.975522
-0.942616
-0.383197
-0.999355
0.900955
0.828795
-0.696704
0.999899
-0.977854
-0.955437
0.667468
-0.999255
0.952057
0.842964
0.0213102
0.999919
-0.969697
-0.962722
0.975847
-0.999127
0.979287
0.855654
0.887278
0.999932
-0.933241
-0.960983
0.994927
-0.998951
0.984712
0.836251
0.974995
0.99994
-0.900861
-0.961577
0.997788
-0.998788
0.985855
0.809978
0.987542
0.999945
-0.886974
-0.96374
0.999144
-0.998697
0.988892
0.806334
0.995902
0.999947
-0.840018
-0.961192
0.99815
-0.998574
0.981849
0.745696
0.98253
0.999948
-0.91
-0.968955
0.99995
-0.998781
0.996631
0.871562
0.999947
0.999941
-0.303053
-0.926311
-0.999998
-0.996683
-0.990279
-0.870745
1
0.999434
0.999537
0.954655
1
-0.993475
0.960149
-0.688415
-1
0.999979
-1
-0.999997
1
-0.999209
0.999866
0.96916
1
0.999911
0.947969
-0.661872
-1
-0.981733
-1
-0.999981
1
0.999139
0.999876
0.975221
1
-0.995814
0.999578
0.0442989
-0.999998
0.999942
-0.999944
-0.997446
-0.996281
-0.995094
0.406548
0.7583
0.999987
0.999967
0.873151
0.0819518
-1
-0.93709
-1
-0.999543
-0.99432
0.999858
-0.526801
0.582367
1
-0.996522
1
0.999608
-0.76453
0.999988
-0.983537
-0.955204
-0.902152
-0.993786
0.753833
0.800096
0.556014
0.999986
-0.899658
-0.878389
-0.520854
-0.992439
0.823576
0.773793
-0.413401
0.999989
-0.970181
-0.938426
0.707088
-0.992149
0.942959
0.846163
-0.00143117
0.999992
-0.974459
-0.95962
0.957285
-0.991109
0.969937
0.859235
0.782356
0.999993
-0.953632
-0.958461
0.990279
-0.98985
0.979595
0.856581
0.937676
0.999993
-0.932289
-0.95745
0.994081
-0.988761
0.980518
0.84325
0.951697
0.999994
-0.929659
-0.958834
0.995461
-0.988362
0.981894
0.843625
0.94886
0.999994
-0.930984
-0.958931
0.993084
-0.988464
0.979469
0.842238
0.877838
0.999994
-0.947825
-0.960484
0.985298
-0.989252
0.976164
0.851367
0.590692
0.999993
-0.964914
-0.961501
0.921449
-0.990304
0.96199
0.851206
-0.420388
0.999992
-0.98204
-0.963659
0.352351
-0.991431
0.922105
0.842368
-0.856414
0.999991
-0.987327
-0.959165
-0.654811
-0.992299
0.8462
0.828556
-0.750423
0.999989
-0.976112
-0.932834
-0.798942
-0.992853
0.82472
0.833259
-0.580943
0.999988
-0.964128
-0.913701
-0.675813
-0.993145
0.861234
0.849007
-0.588447
0.999988
-0.967118
-0.920976
-0.152923
-0.993308
0.91666
0.872607
-0.31862
0.999989
-0.96406
-0.929087
0.670068
-0.993297
0.958538
0.89443
0.473395
0.99999
-0.940542
-0.925681
0.906525
-0.993138
0.973505
0.901489
0.844136
0.999989
-0.901152
-0.915163
0.895524
-0.99298
0.969454
0.889105
0.852195
0.999989
-0.893008
-0.909215
0.854549
-0.993391
0.967163
0.8915
0.70701
0.999988
-0.909378
-0.905876
0.704859
-0.994208
0.963567
0.903196
0.0614243
0.999986
-0.941381
-0.905968
0.163644
-0.99516
0.953056
0.915636
-0.748994
0.999984
-0.966315
-0.905739
-0.670509
-0.995913
0.924793
0.920115
-0.918597
0.999981
-0.97223
-0.89118
-0.883571
-0.996396
0.903076
0.924436
-0.938462
0.999979
-0.969473
-0.869955
-0.877828
-0.996689
0.914662
0.933112
-0.953381
0.999978
-0.971596
-0.869465
-0.793318
-0.996832
0.934627
0.940848
-0.922264
0.999978
-0.966728
-0.86775
-0.311315
-0.996837
0.962571
0.949558
-0.741365
0.999979
-0.951224
-0.863845
0.588288
-0.996714
0.980994
0.956237
0.103808
0.99998
-0.902221
-0.844149
0.836122
-0.996409
0.984719
0.952526
0.687195
0.99998
-0.838482
-0.82321
0.672537
-0.996041
0.974439
0.934587
0.662906
0.99998
-0.837639
-0.817793
0.589188
-0.996151
0.97296
0.935933
0.238332
0.999979
-0.883381
-0.826245
0.509236
-0.996591
0.976932
0.949495
-0.63256
0.999978
-0.938277
-0.845399
-0.0390593
-0.997032
0.972605
0.957393
-0.953332
0.999976
-0.970027
-0.862523
-0.784399
-0.99728
0.950897
0.956047
-0.988433
0.999975
-0.979537
-0.86161
-0.93999
-0.997372
0.925334
0.953495
-0.991529
0.999974
-0.979364
-0.847277
-0.94975
-0.997357
0.922299
0.954054
-0.992954
0.999974
-0.980817
-0.850237
-0.946327
-0.997213
0.921406
0.952716
-0.987083
0.999976
-0.977233
-0.848982
-0.855377
-0.996937
0.941227
0.953584
-0.970945
0.999979
-0.974159
-0.862666
-0.505776
-0.996478
0.959788
0.953404
-0.824742
0.999982
-0.957881
-0.865046
0.540377
-0.995782
0.978996
0.954449
0.109728
0.999985
-0.913924
-0.860499
0.862042
-0.994688
0.982714
0.944669
0.8105
0.999987
-0.849064
-0.855109
0.742056
-0.993178
0.966876
0.910273
0.851323
0.999989
-0.849737
-0.865314
0.728538
-0.992337
0.962222
0.899333
0.730054
0.99999
-0.889621
-0.88323
0.697392
-0.992147
0.963185
0.906197
0.181109
0.99999
-0.938194
-0.903632
0.30618
-0.992233
0.951559
0.908966
-0.677828
0.999991
-0.97003
-0.919702
-0.605383
-0.992155
0.905265
0.896483
-0.849607
0.999991
-0.975136
-0.914938
-0.872652
-0.991672
0.847165
0.879587
-0.696555
0.999991
-0.961393
-0.891476
-0.851029
-0.99074
0.841454
0.869251
-0.650138
0.999991
-0.962617
-0.899443
-0.704964
-0.989424
0.863288
0.863088
-0.486097
0.999993
-0.964549
-0.916928
-0.0481169
-0.987547
0.910967
0.863354
-0.163593
0.999994
-0.967362
-0.938196
0.794848
-0.985156
0.953259
0.869561
0.545795
0.999995
-0.95797
-0.948309
0.96884
-0.982254
0.972339
0.868614
0.878563
0.999996
-0.940861
-0.951792
0.988058
-0.979167
0.97639
0.854243
0.924431
0.999996
-0.938526
-0.95643
0.992705
-0.976937
0.97816
0.846176
0.91296
0.999997
-0.946677
-0.960957
0.99244
-0.975788
0.977307
0.842281
0.812989
0.999997
-0.961935
-0.965493
0.985156
-0.975723
0.971949
0.838496
0.344851
0.999997
-0.978279
-0.970193
0.93592
-0.976393
0.954821
0.82665
-0.590494
0.999997
-0.989231
-0.974058
0.582253
-0.977238
0.909992
0.801793
-0.873842
0.999996
-0.992234
-0.972752
-0.17726
-0.977828
0.842633
0.776015
-0.803144
0.999996
-0.987906
-0.961899
-0.327645
-0.977977
0.825749
0.771248
-0.661956
0.999996
-0.983769
-0.956492
0.096121
-0.977633
0.868884
0.785336
-0.626067
0.999996
-0.985826
-0.963768
0.725724
-0.97703
0.924913
0.811095
-0.263638
0.999997
-0.983973
-0.96867
0.960879
-0.976298
0.963232
0.838523
0.612954
0.999997
-0.970977
-0.966855
0.992895
-0.975546
0.97922
0.853941
0.926101
0.999997
-0.945235
-0.961625
0.995709
-0.974993
0.981214
0.847787
0.957335
0.999997
-0.931871
-0.958857
0.995711
-0.975791
0.98118
0.846927
0.955548
0.999997
-0.928348
-0.956118
0.992817
-0.977779
0.97891
0.85053
0.910503
0.999996
-0.93793
-0.953801
0.980897
-0.980761
0.974394
0.860857
0.679584
0.999996
-0.955713
-0.951863
0.893789
-0.984108
0.961312
0.869386
-0.274884
0.999995
-0.975215
-0.950774
0.119757
-0.987202
0.921986
0.869828
-0.825487
0.999993
-0.981864
-0.940801
-0.815901
-0.989513
0.845731
0.866003
-0.721558
0.999991
-0.964099
-0.89574
-0.901725
-0.991074
0.832466
0.877619
-0.753348
0.99999
-0.957743
-0.872105
-0.87935
-0.992204
0.863669
0.895707
-0.841005
0.999989
-0.964546
-0.878443
-0.76178
-0.992975
0.90556
0.913192
-0.786265
0.999989
-0.962851
-0.884355
-0.16367
-0.99339
0.950583
0.929764
-0.406355
0.999989
-0.947247
-0.883939
0.708944
-0.993545
0.976733
0.941839
0.567941
0.999989
-0.890382
-0.863474
0.84561
-0.993355
0.97909
0.935705
0.846824
0.999988
-0.826708
-0.840506
0.629281
-0.993255
0.964575
0.915258
0.793324
0.999987
-0.827905
-0.827462
0.584365
-0.994027
0.967325
0.924931
0.435436
0.999985
-0.874046
-0.827781
0.516504
-0.995182
0.974678
0.945715
-0.570853
0.999983
-0.934953
-0.840908
-0.00353221
-0.996222
0.973492
0.959167
-0.962677
0.999981
-0.971099
-0.855488
-0.82062
-0.996866
0.95212
0.96063
-0.994454
0.999977
-0.982426
-0.851625
-0.968359
-0.997247
0.920975
0.959851
-0.997299
0.999974
-0.983231
-0.827594
-0.981286
-0.997489
0.914583
0.962469
-0.998908
0.999972
-0.987038
-0.829309
-0.992296
-0.997581
0.886889
0.960451
-0.998269
0.99997
-0.982618
-0.79858
-0.982515
-0.997608
0.917521
0.964564
-0.999519
0.999973
-0.990872
-0.8494
-0.997045
-0.99742
0.826011
0.951323
-0.975367
0.99997
-0.947352
-0.707498
-0.515174
-0.997305
0.974388
0.971561
-0.999758
0.999979
-0.995496
-0.911
-0.998378
-0.996687
0.709393
0.925423
0.803566
0.999971
-0.446781
-0.406463
-0.997725
-0.993197
0.139218
0.639291
1
0.999943
0.994572
0.853115
-0.99999
-0.962688
-0.994259
-0.944883
-0.993928
0.999874
-0.214532
0.794707
1
-0.994891
1
0.998857
-0.974159
0.999989
-0.988602
-0.938115
-0.975569
-0.993413
0.741132
0.861886
0.771397
0.999987
-0.786632
-0.772548
-0.971487
-0.989903
0.517923
0.698769
0.995361
0.999985
-0.0999817
-0.522671
-1
-0.965083
-0.999473
-0.921637
0.402028
0.999942
0.518887
0.744228
0.999949
-0.955201
0.933673
-0.173724
-1
0.999997
-1
-0.999979
-0.142898
-0.984557
0.823111
0.73026
-0.359428
0.999995
-0.98438
-0.96879
0.922022
-0.980813
0.932482
0.744801
-0.726866
0.999997
-0.994989
-0.987348
0.995907
-0.976378
0.970593
0.751769
0.268382
0.999997
-0.99199
-0.989724
0.999907
-0.970914
0.990445
0.771725
-0.448499
0.999987
-0.960021
-0.913774
0.999639
-0.994636
0.998513
0.976474
0.999516
0.999987
-0.0306337
-0.696011
-1
-0.976331
-0.999517
-0.899762
0.999949
0.999879
0.995087
0.971901
0.998689
-0.9648
0.723717
-0.497693
-1
0.999992
-1
-0.999843
0.975079
-0.995297
0.993727
0.968654
0.991016
0.999985
-0.452228
-0.724915
-0.999782
-0.990613
-0.497783
0.353166
1
0.999845
1
0.999333
0.908844
-0.972268
0.259721
-0.543971
-1
0.999977
-1
-0.993268
-0.889575
-0.996425
0.935525
0.953674
-0.479805
0.999978
-0.887033
-0.739312
0.491293
-0.996755
0.986379
0.972501
-0.98858
0.999978
-0.976627
-0.837158
-0.837644
-0.997226
0.963333
0.971645
-0.99833
0.999976
-0.986136
-0.83584
-0.978411
-0.997407
0.930213
0.96911
-0.999328
0.999974
-0.987935
-0.816014
-0.992011
-0.997492
0.907939
0.968801
-0.999693
0.999973
-0.989883
-0.808039
-0.997374
-0.99745
0.865893
0.965808
-0.999575
0.999972
-0.986718
-0.769252
-0.996248
-0.997345
0.882788
0.967559
-0.999933
0.999975
-0.99425
-0.831996
-0.9999
-0.996911
0.545412
0.942371
0.8574
0.99996
0.144308
0.208308
-0.999999
-0.988239
-0.942791
-0.192823
0.999999
0.999789
0.999771
0.996502
-1
-0.966684
-0.999075
-0.94294
-1
0.999877
-0.992504
0.493965
1
-0.998396
1
0.999977
-1
0.999989
-0.999992
-0.988732
0.999832
-0.995465
0.999096
0.982587
0.999965
0.999984
0.514186
-0.544412
-1
-0.955334
-1
-0.997321
0.999576
0.99983
0.99002
0.966819
0.999873
-0.973749
0.904408
-0.269366
-1
0.999991
-1
-0.999761
0.997658
-0.996729
0.998143
0.982418
0.999466
0.999978
0.220749
-0.524855
-1
-0.982482
-0.999924
-0.949474
0.996512
0.999783
0.986418
0.975317
0.986322
-0.983358
0.697668
-0.263064
-1
0.999979
-1
-0.998456
-0.334254
-0.998011
0.982389
0.977882
0.0829533
0.999962
-0.751799
-0.594081
0.9361
-0.998143
0.995784
0.98368
-0.968481
0.999956
-0.93587
-0.679876
0.903765
-0.998813
0.997902
0.993253
-0.999756
0.999947
-0.986822
-0.748941
1
-0.982034
0.999976
0.995145
0.999907
0.999997
0.226451
-0.635689
-1
-0.854834
-0.999994
-0.986118
0.996828
0.999933
0.971454
0.948232
0.997241
-0.853732
0.603372
-0.528186
-1
0.999995
-1
-0.999668
0.858808
-0.977905
0.984099
0.957583
0.902292
0.999996
-0.788573
-0.802251
-0.279111
-0.97321
0.916629
0.899275
-0.0953505
0.999996
-0.912202
-0.815401
0.310276
-0.979092
0.969409
0.951487
-0.963548
0.999996
-0.97989
-0.882865
-0.937747
-0.981023
0.890828
0.941435
-0.981013
0.999996
-0.977443
-0.840522
-0.983064
-0.98167
0.840717
0.939221
-0.98893
0.999995
-0.977147
-0.81145
-0.993161
-0.981488
0.789382
0.935846
-0.985128
0.999995
-0.969636
-0.768448
-0.991892
-0.980522
0.798048
0.93611
-0.996659
0.999996
-0.984688
-0.822431
-0.999395
-0.977724
0.482949
0.902491
0.992915
0.999993
0.394551
0.125989
-1
-0.864071
-0.999931
-0.957152
-0.999999
0.999955
-0.962551
0.525179
1
-0.989961
1
0.999982
-1
0.999998
-0.999857
-0.981706
-1
-0.958897
-0.949556
0.460327
1
0.999956
1
0.999881
-1
-0.685342
-0.999752
-0.98356
-1
0.999902
-0.998662
-0.199052
0.999992
-0.96645
0.999715
0.990089
-1
0.999999
-0.999997
-0.99702
-1
-0.914638
-0.999419
-0.480349
-0.994004
0.999986
-0.548258
0.640002
1
-0.933752
0.999987
0.989345
-1
0.999999
-1
-0.999481
-1
-0.838137
-0.99999
-0.899923
-1
0.999991
-0.999997
-0.935573
-1
-0.776381
-0.999996
-0.948127
0.961054
0.988187
0.963289
0.944117
0.91676
-0.998215
0.324483
-0.607567
-1
0.999738
-1
-0.997848
0.128204
-0.999787
0.97921
0.953158
0.584184
0.999669
-0.790495
-0.804264
-0.54327
-0.999761
0.942662
0.908496
-0.201383
0.999622
-0.868422
-0.809751
0.350752
-0.999812
0.981256
0.950883
-0.619741
0.999596
-0.910399
-0.831948
0.0816234
-0.99984
0.981276
0.958293
-0.853157
0.999552
-0.934321
-0.836541
-0.156398
-0.999859
0.98095
0.962925
-0.939044
0.99951
-0.94983
-0.840779
-0.351188
-0.999873
0.980067
0.965438
-0.961619
0.999474
-0.955708
-0.840875
-0.371768
-0.999881
0.980824
0.967178
-0.959006
0.999451
-0.953687
-0.837111
-0.172449
-0.999885
0.983803
0.968794
-0.928284
0.999441
-0.943415
-0.829922
0.195519
-0.999885
0.987225
0.969781
-0.829304
0.999441
-0.923193
-0.819688
0.481433
-0.999881
0.989049
0.968844
-0.614009
0.999446
-0.895828
-0.809318
0.553263
-0.999875
0.988464
0.965006
-0.3896
0.999451
-0.874443
-0.803902
0.48479
-0.99987
0.986231
0.959911
-0.341685
0.999454
-0.872093
-0.806105
0.396276
-0.999869
0.984539
0.957429
-0.46662
0.999456
-0.886518
-0.81445
0.310846
-0.999871
0.983874
0.957964
-0.651924
0.999457
-0.907643
-0.826172
0.179304
-0.999874
0.98302
0.959125
-0.793288
0.99946
-0.926624
-0.838274
0.00361523
-0.999875
0.981319
0.959264
-0.861884
0.999469
-0.938688
-0.848144
-0.125448
-0.999874
0.979422
0.958196
-0.871899
0.999485
-0.942452
-0.854356
-0.109319
-0.999869
0.978758
0.95641
-0.819599
0.99951
-0.93768
-0.857067
0.0680898
-0.999859
0.979654
0.953889
-0.648158
0.999543
-0.923742
-0.857212
0.289113
-0.999845
0.980361
0.949324
-0.296175
0.999577
-0.902149
-0.856521
0.383064
-0.999826
0.97847
0.940672
0.04836
0.999609
-0.884021
-0.858435
0.345624
-0.999807
0.974004
0.9295
0.159049
0.999636
-0.882757
-0.865039
0.302962
-0.999792
0.97073
0.92248
0.0639566
0.999657
-0.896595
-0.875102
0.256892
-0.999784
0.969154
0.920674
-0.167479
0.999675
-0.91658
-0.886418
0.156016
-0.999778
0.967136
0.920481
-0.415242
0.99969
-0.934225
-0.896713
0.0212394
-0.999772
0.963904
0.919108
-0.554925
0.999705
-0.944737
-0.904367
-0.0404469
-0.999761
0.961277
0.916207
-0.552826
0.999722
-0.947505
-0.909294
0.0616477
-0.999745
0.961797
0.912708
-0.40183
0.999742
-0.943874
-0.912684
0.292789
-0.999722
0.96484
0.908543
-0.119696
0.999764
-0.936128
-0.915591
0.49751
-0.999695
0.967158
0.902409
0.132932
0.999783
-0.929881
-0.919104
0.595967
-0.999668
0.967269
0.894947
0.196048
0.999798
-0.931801
-0.924133
0.615173
-0.999648
0.966126
0.889561
0.0619512
0.999808
-0.941472
-0.93018
0.558675
-0.999636
0.963431
0.886437
-0.209348
0.999815
-0.953637
-0.936114
0.416304
-0.999629
0.958293
0.883201
-0.465176
0.99982
-0.963195
-0.940774
0.251082
-0.999622
0.952172
0.879034
-0.581558
0.999825
-0.967811
-0.943521
0.217404
-0.99961
0.949841
0.875661
-0.550549
0.999831
-0.967882
-0.945026
0.387762
-0.999593
0.954296
0.874743
-0.370082
0.99984
-0.964357
-0.946192
0.633277
-0.999571
0.962013
0.87516
-0.0612405
0.999849
-0.958043
-0.946968
0.786908
-0.999548
0.967697
0.873986
0.193478
0.999856
-0.952474
-0.947757
0.84104
-0.999531
0.96965
0.870681
0.235878
0.999859
-0.952734
-0.949376
0.836491
-0.999525
0.968764
0.867963
0.0623344
0.99986
-0.958875
-0.951667
0.772991
-0.999533
0.965078
0.866214
-0.260113
0.999857
-0.967088
-0.953939
0.620591
-0.999548
0.958217
0.863983
-0.541259
0.999852
-0.973351
-0.955237
0.4082
-0.999564
0.950255
0.861552
-0.65898
0.999846
-0.975698
-0.954855
0.309994
-0.999576
0.947229
0.861619
-0.628336
0.999842
-0.974142
-0.953282
0.438855
-0.999583
0.952866
0.865867
-0.439008
0.999841
-0.968857
-0.951346
0.665978
-0.999585
0.962488
0.87209
-0.0735213
0.99984
-0.95934
-0.948759
0.805394
-0.999587
0.969257
0.875676
0.251713
0.999838
-0.948745
-0.945927
0.841256
-0.999593
0.971051
0.875177
0.317828
0.999832
-0.945021
-0.944243
0.812083
-0.999611
0.969691
0.875313
0.134692
0.999821
-0.949841
-0.943681
0.700362
-0.999641
0.965776
0.877777
-0.231678
0.999805
-0.958611
-0.94338
0.442168
-0.999674
0.958733
0.880605
-0.552581
0.999784
-0.965507
-0.94194
0.102683
-0.999705
0.950876
0.883409
-0.674069
0.999761
-0.966901
-0.938011
-0.0380771
-0.999729
0.949351
0.888333
-0.625122
0.999741
-0.96219
-0.932308
0.133402
-0.999746
0.95708
0.896
-0.383113
0.999727
-0.95059
-0.925934
0.443426
-0.999757
0.966757
0.902817
0.0530683
0.999713
-0.930261
-0.918051
0.598585
-0.999764
0.970765
0.903449
0.348234
0.999696
-0.910038
-0.910187
0.571831
-0.999774
0.969315
0.90018
0.345068
0.99967
-0.904691
-0.904691
0.468142
-0.999793
0.967804
0.902679
0.119626
0.999635
-0.912518
-0.900932
0.282147
-0.999816
0.966618
0.910256
-0.257814
0.99959
-0.926324
-0.898028
0.0333366
-0.99984
0.965465
0.919305
-0.565255
0.999538
-0.937407
-0.894373
-0.165801
-0.999859
0.965269
0.927309
-0.69217
0.999485
-0.940826
-0.888389
-0.188054
-0.999873
0.968152
0.934233
-0.67472
0.999438
-0.934954
-0.8796
-0.0111085
-0.999882
0.973633
0.939987
-0.50642
0.999398
-0.91774
-0.86755
0.228637
-0.999888
0.978079
0.94286
-0.189133
0.99936
-0.888956
-0.852382
0.308993
-0.999891
0.978542
0.940914
0.0646221
0.999318
-0.860641
-0.837501
0.227627
-0.999894
0.976243
0.937092
0.0971413
0.999266
-0.848487
-0.826163
0.161341
-0.9999
0.975852
0.938209
-0.0541651
0.999205
-0.85389
-0.819034
0.15362
-0.99991
0.978244
0.944737
-0.330163
0.999136
-0.871558
-0.815874
0.166854
-0.999919
0.981647
0.953388
-0.614921
0.999062
-0.893708
-0.815472
0.151411
-0.999929
0.984389
0.961054
-0.806138
0.998987
-0.914001
-0.816338
0.0881529
-0.999936
0.98601
0.966581
-0.902122
0.998917
-0.929457
-0.817287
-0.00140456
-0.999941
0.986814
0.970205
-0.943775
0.998858
-0.939476
-0.817446
-0.0692195
-0.999945
0.987329
0.972543
-0.959939
0.998815
-0.944458
-0.816292
-0.0717902
-0.999947
0.987988
0.974097
-0.96335
0.998794
-0.945031
-0.813758
0.00441797
-0.999947
0.988904
0.975112
-0.957942
0.998794
-0.941864
-0.810251
0.133401
-0.999947
0.98985
0.975595
-0.943883
0.998814
-0.935945
-0.806656
0.260007
-0.999945
0.990494
0.975435
-0.921589
0.998849
-0.928979
-0.804238
0.339201
-0.999943
0.990628
0.974575
-0.8953
0.998895
-0.923163
-0.804196
0.360664
-0.999939
0.990237
0.973117
-0.872294
0.998949
-0.920136
-0.807083
0.336382
-0.999935
0.989416
0.971252
-0.856802
0.999009
-0.92007
-0.812596
0.284725
-0.999931
0.988276
0.969109
-0.845758
0.999073
-0.921727
-0.819807
0.226377
-0.999926
0.986918
0.966668
-0.830075
0.999142
-0.923231
-0.827585
0.184046
-0.999919
0.985452
0.963801
-0.796827
0.999213
-0.922855
-0.834992
0.175782
-0.99991
0.983988
0.960313
-0.728636
0.999287
-0.919505
-0.841573
0.202487
-0.9999
0.982504
0.955922
-0.605641
0.99936
-0.913113
-0.84748
0.242506
-0.999886
0.980734
0.950241
-0.426532
0.999429
-0.905306
-0.85344
0.26675
-0.99987
0.978315
0.943075
-0.241717
0.999493
-0.899735
-0.860468
0.266905
-0.999851
0.975307
0.935095
-0.125515
0.999549
-0.900134
-0.869187
0.257436
-0.999832
0.972375
0.927851
-0.107679
0.999598
-0.907162
-0.879343
0.244161
-0.999813
0.969914
0.922264
-0.169291
0.999641
-0.918225
-0.890022
0.219827
-0.999793
0.967598
0.917802
-0.264773
0.999678
-0.929678
-0.90016
0.190636
-0.999772
0.965128
0.91339
-0.340032
0.999711
-0.938746
-0.908986
0.186984
-0.999748
0.962886
0.908413
-0.357143
0.999742
-0.944354
-0.916312
0.241577
-0.999718
0.961694
0.902897
-0.306314
0.99977
-0.946962
-0.922502
0.353497
-0.999684
0.961855
0.897062
-0.207668
0.999796
-0.948001
-0.928101
0.481077
-0.999645
0.962707
0.890992
-0.111979
0.999819
-0.949363
-0.933519
0.580071
-0.999603
0.963292
0.884837
-0.0759516
0.999838
-0.952579
-0.938927
0.634418
-0.999561
0.963
0.878902
-0.123818
0.999854
-0.957789
-0.944214
0.647932
-0.99952
0.961569
0.873211
-0.235073
0.999867
-0.963777
-0.949074
0.634071
-0.999481
0.959148
0.867506
-0.355967
0.999877
-0.969017
-0.953197
0.619114
-0.999442
0.95667
0.861898
-0.433132
0.999886
-0.972575
-0.956447
0.637068
-0.9994
0.955712
0.857124
-0.440764
0.999895
-0.974284
-0.958924
0.70112
-0.999356
0.957323
0.853945
-0.373953
0.999902
-0.974386
-0.960804
0.785804
-0.99931
0.960956
0.852366
-0.243635
0.999909
-0.97329
-0.962185
0.855105
-0.999264
0.964946
0.851579
-0.0942182
0.999915
-0.971744
-0.96318
0.895279
-0.999224
0.967808
0.85066
0.00203906
0.999919
-0.970914
-0.964009
0.910476
-0.999193
0.968875
0.84932
-0.0048635
0.999921
-0.971704
-0.964841
0.905992
-0.999176
0.968071
0.847826
-0.115184
0.999922
-0.97396
-0.965631
0.882032
-0.999173
0.965564
0.846412
-0.280263
0.999922
-0.976654
-0.966147
0.837719
-0.999182
0.961925
0.84537
-0.423927
0.999921
-0.97864
-0.966089
0.783437
-0.999197
0.958501
0.845438
-0.494711
0.999919
-0.979201
-0.965257
0.747419
-0.999214
0.957095
0.847552
-0.479309
0.999917
-0.978053
-0.963651
0.752147
-0.999233
0.958598
0.851995
-0.379279
0.999914
-0.975141
-0.961386
0.785702
-0.999253
0.961988
0.85785
-0.218338
0.999912
-0.970718
-0.958578
0.815405
-0.999276
0.965136
0.863495
-0.0716435
0.999908
-0.965929
-0.955453
0.817461
-0.999305
0.966436
0.867946
-0.0282812
0.999903
-0.962772
-0.952352
0.777935
-0.999344
0.965458
0.871667
-0.116448
0.999896
-0.962359
-0.949374
0.678766
-0.999391
0.962468
0.875551
-0.286552
0.999886
-0.963688
-0.946153
0.508583
-0.999441
0.958279
0.879992
-0.439418
0.999875
-0.96453
-0.942012
0.320167
-0.999489
0.954988
0.88541
-0.502705
0.999862
-0.962892
-0.936452
0.227639
-0.999531
0.955384
0.892272
-0.457967
0.99985
-0.95769
-0.929619
0.276339
-0.999566
0.959776
0.900027
-0.307727
0.999838
-0.948406
-0.921802
0.388487
-0.999594
0.965043
0.906849
-0.103425
0.999826
-0.935799
-0.913059
0.449253
-0.999619
0.968085
0.911267
0.0262991
0.999811
-0.924251
-0.904097
0.416807
-0.999645
0.968664
0.914505
-0.00259084
0.999793
-0.919124
-0.895901
0.316339
-0.999676
0.968542
0.919307
-0.168931
0.999771
-0.920879
-0.888662
0.184481
-0.999709
0.968905
0.926167
-0.383591
0.999746
-0.925794
-0.881849
0.0663189
-0.99974
0.970154
0.933764
-0.547274
0.999719
-0.92949
-0.874547
0.0145129
-0.999767
0.972542
0.940934
-0.624138
0.999692
-0.929141
-0.865898
0.0576054
-0.999787
0.975934
0.947156
-0.625359
0.999666
-0.923642
-0.855399
0.172336
-0.999803
0.979492
0.952123
-0.5736
0.999642
-0.913524
-0.843124
0.291145
-0.999814
0.982255
0.955675
-0.51179
0.999619
-0.901989
-0.830208
0.362139
-0.999824
0.983988
0.958239
-0.502576
0.999594
-0.894667
-0.81872
0.388414
-0.999834
0.985241
0.960914
-0.578838
0.999568
-0.895869
-0.810475
0.39127
-0.999845
0.986543
0.964443
-0.711454
0.999542
-0.905521
-0.80622
0.365925
-0.999857
0.987773
0.968421
-0.839088
0.999516
-0.920299
-0.805798
0.281989
-0.999868
0.988471
0.971931
-0.923222
0.999492
-0.93619
-0.808508
0.108732
-0.999876
0.988298
0.974369
-0.965223
0.999472
-0.949932
-0.813083
-0.134291
-0.999882
0.987228
0.975648
-0.982455
0.99946
-0.959511
-0.817604
-0.342613
-0.999885
0.985799
0.976098
-0.988248
0.999459
-0.964296
-0.820293
-0.420434
-0.999884
0.98511
0.976219
-0.988318
0.999471
-0.9645
-0.820626
-0.334814
-0.99988
0.985922
0.976317
-0.982485
0.999497
-0.960092
-0.818938
-0.0759989
-0.999872
0.98783
0.976301
-0.963172
0.999533
-0.950383
-0.815657
0.260741
-0.999859
0.989631
0.975662
-0.909815
0.999574
-0.935484
-0.812102
0.485246
-0.999842
0.990292
0.973636
-0.800513
0.999614
-0.918933
-0.810942
0.551271
-0.99982
0.98947
0.969818
-0.665923
0.999653
-0.907453
-0.814588
0.511738
-0.999795
0.987402
0.964809
-0.587166
0.999688
-0.906081
-0.823522
0.418194
-0.999769
0.984711
0.959929
-0.594449
0.999719
-0.913648
-0.836154
0.29835
-0.999744
0.981774
0.955744
-0.646155
0.999748
-0.924658
-0.849985
0.168812
-0.999715
0.978496
0.951663
-0.685401
0.999776
-0.933849
-0.86272
0.0735764
-0.999681
0.97509
0.947005
-0.673287
0.999802
-0.938366
-0.873084
0.0694331
-0.999636
0.972406
0.94154
-0.580637
0.999827
-0.937671
-0.881208
0.168508
-0.999578
0.97095
0.935098
-0.38603
0.99985
-0.933032
-0.888181
0.310664
-0.999504
0.969934
0.927167
-0.139791
0.999871
-0.928079
-0.895386
0.417516
-0.999417
0.968173
0.917673
0.0188996
0.999889
-0.928313
-0.903962
0.467664
-0.999324
0.965623
0.908272
0.0120178
0.999904
-0.936033
-0.913894
0.464774
-0.999231
0.962448
0.900463
-0.135668
0.999915
-0.947872
-0.924003
0.402534
-0.999138
0.957757
0.893155
-0.332763
0.999925
-0.958909
-0.932912
0.309654
-0.999038
0.95154
0.884864
-0.467689
0.999933
-0.966287
-0.939863
0.279016
-0.99892
0.94661
0.876023
-0.494395
0.999941
-0.96994
-0.945259
0.390413
-0.998776
0.946749
0.868378
-0.418485
0.999949
-0.971171
-0.950111
0.600597
-0.998605
0.952034
0.862785
-0.255156
0.999955
-0.971043
-0.954678
0.780363
-0.998411
0.958823
0.858331
-0.056796
0.999961
-0.970503
-0.958696
0.876688
-0.998204
0.963916
0.853552
0.0753889
0.999966
-0.971026
-0.962272
0.916138
-0.998004
0.966264
0.8479
0.0725898
0.999969
-0.973625
-0.965647
0.926376
-0.997826
0.965973
0.841598
-0.0656415
0.999971
-0.97774
-0.968787
0.919063
-0.997677
0.963376
0.83473
-0.275785
0.999973
-0.981891
-0.971452
0.900572
-0.997552
0.959369
0.827718
-0.451803
0.999974
-0.984889
-0.973386
0.88448
-0.997441
0.95606
0.822102
-0.529404
0.999976
-0.986319
-0.974504
0.889925
-0.997339
0.956007
0.819913
-0.494323
0.999976
-0.98619
-0.974891
0.918777
-0.997244
0.960053
0.822126
-0.32672
0.999977
-0.984419
-0.974591
0.950941
-0.997161
0.966348
0.827697
-0.0267923
0.999978
-0.980839
-0.973572
0.970843
-0.997102
0.971877
0.833791
0.267875
0.999978
-0.976224
-0.972073
0.97813
-0.997089
0.974646
0.837782
0.391656
0.999978
-0.973148
-0.970672
0.975989
-0.997147
0.974332
0.839861
0.309467
0.999977
-0.973673
-0.96969
0.960943
-0.997285
0.970951
0.841425
0.0199911
0.999976
-0.977104
-0.968937
0.911641
-0.997481
0.963773
0.842435
-0.368621
0.999973
-0.981023
-0.967814
0.772009
-0.997699
0.952481
0.842988
-0.623992
0.99997
-0.983103
-0.965284
0.517023
-0.997907
0.940352
0.845154
-0.699436
0.999967
-0.982275
-0.960567
0.328315
-0.998087
0.935658
0.852142
-0.643771
0.999963
-0.978448
-0.954374
0.382176
-0.998235
0.94301
0.864523
-0.454065
0.99996
-0.971623
-0.948086
0.582112
-0.998356
0.955707
0.878635
-0.111604
0.999958
-0.960605
-0.941102
0.723057
-0.998463
0.964726
0.889275
0.197234
0.999954
-0.947193
-0.933038
0.737787
-0.998573
0.967106
0.894625
0.241791
0.99995
-0.939902
-0.925491
0.636253
-0.998709
0.965204
0.899355
0.00933288
0.999943
-0.942613
-0.919127
0.394643
-0.998869
0.96133
0.906587
-0.367554
0.999934
-0.950019
-0.912908
0.0353457
-0.999023
0.956649
0.914849
-0.632186
0.999925
-0.955068
-0.904941
-0.218449
-0.99915
0.955149
0.923449
-0.723047
0.999914
-0.954561
-0.89466
-0.208923
-0.999244
0.960642
0.932654
-0.69298
0.999905
-0.947917
-0.883159
0.0501056
-0.999311
0.970226
0.941465
-0.525731
0.999898
-0.93262
-0.869177
0.371193
-0.999356
0.977838
0.947645
-0.231519
0.99989
-0.908148
-0.851613
0.509687
-0.999389
0.980686
0.949715
-0.0545768
0.999881
-0.887549
-0.834616
0.486142
-0.999426
0.980843
0.950801
-0.177572
0.99987
-0.887364
-0.823291
0.437163
-0.999482
0.982172
0.955883
-0.515215
0.999856
-0.905725
-0.818941
0.360549
-0.999547
0.984238
0.963233
-0.811328
0.999842
-0.930164
-0.819949
0.160044
-0.999606
0.984931
0.969079
-0.942204
0.999826
-0.950955
-0.823508
-0.185059
-0.99965
0.983614
0.972408
-0.981073
0.999812
-0.964473
-0.826452
-0.493859
-0.999679
0.981242
0.974073
-0.991165
0.9998
-0.971104
-0.826266
-0.620184
-0.999696
0.980152
0.975272
-0.993311
0.999794
-0.97275
-0.823243
-0.576388
-0.999701
0.981819
0.976584
-0.991813
0.999795
-0.970465
-0.818637
-0.337774
-0.999696
0.985456
0.977968
-0.984535
0.999802
-0.963649
-0.812191
0.110244
-0.999682
0.989234
0.979084
-0.961668
0.999812
-0.951498
-0.804213
0.498838
-0.999658
0.99158
0.97925
-0.909429
0.999824
-0.936656
-0.797945
0.650873
-0.999627
0.992124
0.977951
-0.846127
0.999836
-0.92658
-0.797819
0.645933
-0.999592
0.991249
0.97553
-0.826627
0.999848
-0.927172
-0.805536
0.534199
-0.999557
0.989331
0.9728
-0.861923
0.999859
-0.93689
-0.819323
0.307052
-0.999523
0.986265
0.969925
-0.908604
0.99987
-0.949054
-0.835321
-0.00797939
-0.999484
0.981682
0.966404
-0.934159
0.999881
-0.957656
-0.849254
-0.242249
-0.99943
0.976522
0.96217
-0.931176
0.999893
-0.96003
-0.858735
-0.250376
-0.999353
0.973706
0.957814
-0.882833
0.999906
-0.955768
-0.864776
-0.00638824
-0.999245
0.974667
0.953455
-0.707521
0.99992
-0.94408
-0.869078
0.354996
-0.999093
0.976829
0.947668
-0.26148
0.999932
-0.924988
-0.872799
0.558304
-0.998892
0.976021
0.937392
0.190968
0.999943
-0.909654
-0.879447
0.575965
-0.998659
0.971006
0.922922
0.279955
0.999951
-0.914699
-0.89157
0.535253
-0.99845
0.96593
0.912448
0.0608968
0.999957
-0.934817
-0.906649
0.406969
-0.998276
0.959719
0.905878
-0.327873
0.999962
-0.955317
-0.920721
0.121031
-0.998096
0.947585
0.896865
-0.597764
0.999966
-0.967557
-0.930382
-0.136689
-0.997867
0.932359
0.884472
-0.648749
0.999969
-0.971404
-0.935531
-0.0922772
-0.997555
0.927308
0.873228
-0.549419
0.999973
-0.971531
-0.94088
0.295222
-0.997143
0.937713
0.866418
-0.3113
0.999978
-0.970655
-0.948199
0.717755
-0.996632
0.95335
0.862814
0.0699563
0.999982
-0.968077
-0.954592
0.900619
-0.996047
0.964426
0.85822
0.376864
0.999984
-0.965966
-0.95955
0.951903
-0.995446
0.969287
0.850629
0.446719
0.999986
-0.968424
-0.96427
0.963477
-0.994914
0.969713
0.841825
0.28204
0.999988
-0.975161
-0.968968
0.95677
-0.994493
0.966075
0.83177
-0.113516
0.999988
-0.98274
-0.973257
0.928198
-0.994162
0.957718
0.818823
-0.525496
0.999989
-0.988261
-0.976569
0.875638
-0.993867
0.946455
0.80441
-0.726472
0.99999
-0.991046
-0.978529
0.840747
-0.993566
0.939173
0.793817
-0.768136
0.99999
-0.991885
-0.979503
0.874953
-0.993245
0.942589
0.791885
-0.690941
0.999991
-0.991333
-0.980016
0.942647
-0.992907
0.955563
0.799715
-0.372311
0.999991
-0.988727
-0.979769
0.982909
-0.992572
0.970452
0.814125
0.332199
0.999992
-0.981758
-0.97802
0.994995
-0.992276
0.980355
0.826872
0.7905
0.999992
-0.969624
-0.975196
0.997421
-0.992103
0.983942
0.830073
0.894115
0.999992
-0.959772
-0.972972
0.997619
-0.992212
0.984348
0.830375
0.899766
0.999991
-0.956806
-0.971347
0.996597
-0.992665
0.98315
0.834026
0.845878
0.99999
-0.959789
-0.969738
0.991925
-0.993395
0.979365
0.839172
0.60363
0.999989
-0.96887
-0.968545
0.966529
-0.994297
0.970544
0.844281
-0.131239
0.999987
-0.979575
-0.967561
0.769867
-0.995207
0.949224
0.844632
-0.751111
0.999985
-0.985922
-0.964402
-0.0679304
-0.995982
0.907915
0.84147
-0.847346
0.999981
-0.983924
-0.952103
-0.585017
-0.99657
0.879661
0.848357
-0.744794
0.999977
-0.973741
-0.932007
-0.508073
-0.996985
0.901231
0.86849
-0.640602
0.999974
-0.967505
-0.92469
0.00741753
-0.997283
0.940291
0.893085
-0.278565
0.999973
-0.954926
-0.919456
0.639867
-0.99749
0.967353
0.912618
0.447376
0.999971
-0.919793
-0.904675
0.793264
-0.997619
0.973752
0.915791
0.722251
0.999968
-0.880801
-0.886281
0.67292
-0.997781
0.967799
0.909553
0.629803
0.999963
-0.877963
-0.87232
0.527982
-0.998102
0.967623
0.919662
0.178914
0.999957
-0.90256
-0.863565
0.278492
-0.998479
0.969783
0.936886
-0.610352
0.999948
-0.937882
-0.861103
-0.187841
-0.998804
0.9692
0.950918
-0.927923
0.999938
-0.96178
-0.859301
-0.644627
-0.999028
0.964046
0.9584
-0.980849
0.999927
-0.971975
-0.851534
-0.800665
-0.999173
0.962267
0.963798
-0.990467
0.999917
-0.975066
-0.840573
-0.788898
-0.999267
0.968082
0.969086
-0.991933
0.99991
-0.974639
-0.830854
-0.621474
-0.999324
0.977469
0.97396
-0.987723
0.999905
-0.969365
-0.818468
-0.090308
-0.999355
0.986681
0.978409
-0.968858
0.999904
-0.956333
-0.800075
0.578132
-0.999365
0.992468
0.981725
-0.911652
0.999903
-0.934975
-0.777374
0.828814
-0.999362
0.994776
0.983136
-0.838878
0.999902
-0.916883
-0.760278
0.870761
-0.999358
0.995225
0.983227
-0.848757
0.999901
-0.917206
-0.756821
0.834135
-0.999368
0.994887
0.983344
-0.929684
0.999899
-0.936576
-0.768588
0.641756
-0.99939
0.993487
0.983396
-0.983344
0.999898
-0.961826
-0.792463
-0.138291
-0.999409
0.988285
0.981742
-0.997246
0.999897
-0.979763
-0.81925
-0.868296
-0.999409
0.972544
0.977398
-0.999242
0.999897
-0.986834
-0.8317
-0.976156
-0.999385
0.946353
0.972294
-0.999437
0.999899
-0.987507
-0.825764
-0.987411
-0.999338
0.928641
0.968812
-0.999461
0.999906
-0.987914
-0.828272
-0.992317
-0.999255
0.904945
0.963206
-0.998937
0.999914
-0.985003
-0.821896
-0.989182
-0.999129
0.90262
0.958514
-0.998425
0.999928
-0.985407
-0.843159
-0.990135
-0.998921
0.873965
0.946615
-0.9884
0.99994
-0.972664
-0.828434
-0.939218
-0.998621
0.915536
0.941985
-0.985953
0.999957
-0.981281
-0.888495
-0.904147
-0.998124
0.899341
0.920299
-0.6925
0.999967
-0.952452
-0.881478
0.130687
-0.997336
0.95302
0.911589
0.0879238
0.999978
-0.946215
-0.920311
0.902409
-0.996182
0.973527
0.896396
0.916716
0.999985
-0.897724
-0.931248
0.975367
-0.994328
0.973085
0.844765
0.971901
0.999989
-0.89516
-0.948388
0.996731
-0.992473
0.982581
0.826513
0.991611
0.999991
-0.882073
-0.958441
0.99887
-0.990253
0.983999
0.788956
0.991822
0.999993
-0.909705
-0.969201
0.999889
-0.988734
0.992646
0.817252
0.999208
0.999994
-0.821565
-0.966228
0.998694
-0.984739
0.968905
0.624976
0.581956
0.999995
-0.988449
-0.988687
0.999999
-0.987263
0.999045
0.900455
-0.99634
0.999496
-0.995735
-0.975336
-0.941686
-0.999868
0.805596
0.805099
-0.563781
0.999385
-0.948941
-0.918759
-0.558597
-0.999865
0.898133
0.817656
-0.821765
0.999476
-0.977608
-0.954749
0.674136
-0.999866
0.963908
0.860013
0.267191
0.999526
-0.951267
-0.955317
0.974602
-0.999858
0.984039
0.869234
0.955085
0.999541
-0.863922
-0.946355
0.970288
-0.999836
0.97432
0.796303
0.95203
0.999549
-0.882711
-0.954022
0.998386
-0.999848
0.991815
0.853802
0.999052
0.99951
-0.555391
-0.928353
-0.978253
-0.99975
-0.117333
-0.100078
0.999999
0.998178
0.981184
0.417768
-0.999648
-0.9988
-0.99451
-0.98868
1
0.995254
0.998792
0.939269
1
-0.999277
0.989585
-0.539665
-1
0.999794
-1
-0.999986
1
-0.999918
0.99999
0.986083
