-0.358131	0
-0.12682	0
0.139127	0
-0.358703	-0.106612
-0.137716	0.0263347
0.13052	0.101153
-0.35847	-0.0703846
-0.160534	-0.0127156
0.101202	0.0352991
-0.357432	-0.1113
-0.195416	-0.00564319
0.0507755	0.104082
-0.355588	-0.106674
-0.242564	-0.00769175
-0.0214088	0.121833
-0.352935	-0.1312
-0.30224	-0.00656607
-0.116241	0.169059
-0.349474	-0.153876
-0.374734	-0.0191275
-0.234778	0.208154
-0.345219	-0.190701
-0.460217	-0.0337016
-0.377925	0.270177
-0.340252	-0.229382
-0.55796	-0.050651
-0.544832	0.341832
-0.334981	-0.274579
-0.66299	-0.0684994
-0.726212	0.42595
-0.330048	-0.321201
-0.767469	-0.0874867
-0.907339	0.515629
-0.325812	-0.365696
-0.867449	-0.103302
-1.08156	0.608483
-0.301369	0
0.0596823	0
-0.0294057	0
-0.299417	-0.153887
0.0637966	-0.184079
-0.0206087	-0.254093
-0.298075	-0.260256
0.0767495	-0.372995
0.00488989	-0.283875
-0.297537	-0.276451
0.10128	-0.342734
0.0527276	-0.110104
-0.297173	-0.188997
0.128814	-0.23157
0.106005	-0.0612569
-0.296206	-0.139377
0.148774	-0.177236
0.143851	-0.126046
-0.294595	-0.143296
0.160702	-0.205816
0.165562	-0.212921
-0.292828	-0.169034
0.171426	-0.244352
0.184921	-0.233162
-0.291234	-0.171646
0.185554	-0.246379
0.211245	-0.213017
-0.289474	-0.153264
0.19847	-0.22147
0.235453	-0.201537
-0.287171	-0.136792
0.205071	-0.204246
0.24749	-0.217577
-0.28427	-0.136325
0.204649	-0.207647
0.246014	-0.239789
-0.280917	-0.145507
0.199196	-0.219484
0.234983	-0.246587
-0.277303	-0.153613
0.191309	-0.225435
0.219518	-0.236995
-0.273521	-0.156966
0.18224	-0.223781
0.202025	-0.223431
-0.269596	-0.159065
0.172268	-0.220917
0.182961	-0.213933
-0.265595	-0.163247
0.162261	-0.221217
0.163954	-0.2074
-0.261643	-0.168779
0.153877	-0.223167
0.148214	-0.19973
-0.257844	-0.172666
0.148519	-0.223077
0.138465	-0.190383
-0.254227	-0.173263
0.146538	-0.219614
0.135355	-0.182389
-0.250751	-0.171323
0.147371	-0.214324
0.137749	-0.178468
-0.247352	-0.168463
0.150141	-0.209189
0.143906	-0.178599
-0.243973	-0.165563
0.154053	-0.204808
0.152273	-0.180932
-0.24056	-0.162626
0.158412	-0.200683
0.161516	-0.183851
-0.237061	-0.159566
0.162521	-0.19642
0.170293	-0.18681
-0.233427	-0.156704
0.165713	-0.192262
0.17733	-0.189731
-0.229622	-0.154565
0.167516	-0.188686
0.181724	-0.192253
-0.225632	-0.153429
0.167748	-0.185843
0.183146	-0.193715
-0.221463	-0.1532
0.166497	-0.183485
0.181785	-0.193624
-0.217134	-0.153595
0.164024	-0.181267
0.17816	-0.19196
-0.212672	-0.154362
0.160673	-0.17899
0.172947	-0.189058
-0.208105	-0.155328
0.156827	-0.176594
0.166888	-0.18533
-0.203464	-0.156334
0.15287	-0.174024
0.160727	-0.181113
-0.198775	-0.15719
0.149143	-0.171178
0.155118	-0.176696
-0.194056	-0.157722
0.14589	-0.167961
0.150529	-0.172375
-0.189318	-0.15784
0.14323	-0.164355
0.14718	-0.168422
-0.184562	-0.15755
0.141158	-0.160422
0.145055	-0.16501
-0.179781	-0.156928
0.139574	-0.156261
0.143952	-0.162168
-0.174964	-0.156078
0.138314	-0.151963
0.14355	-0.159805
-0.170098	-0.155107
0.137186	-0.147598
0.143472	-0.157766
-0.165169	-0.154119
0.135996	-0.143224
0.143345	-0.155874
-0.160166	-0.15321
0.134575	-0.138886
0.142842	-0.153958
-0.155079	-0.152454
0.1328	-0.134618
0.141729	-0.151858
-0.149906	-0.151893
0.130603	-0.130424
0.139876	-0.149447
-0.144645	-0.151534
0.127972	-0.126285
0.137266	-0.146647
-0.139302	-0.151354
0.124944	-0.122168
0.133971	-0.143434
-0.133882	-0.151311
0.12159	-0.118034
0.130132	-0.139836
-0.128393	-0.151353
0.118003	-0.113848
0.125925	-0.135914
-0.122844	-0.151427
0.114277	-0.109578
0.121534	-0.13175
-0.117242	-0.151484
0.110499	-0.105199
0.117126	-0.127434
-0.111595	-0.151486
0.106737	-0.100699
0.112827	-0.123048
-0.105907	-0.151409
0.103032	-0.0960736
0.108714	-0.11866
-0.10018	-0.151248
0.0993981	-0.0913328
0.104811	-0.114315
-0.0944148	-0.151009
0.0958258	-0.0864924
0.101094	-0.110033
-0.0886115	-0.15071
0.0922867	-0.0815724
0.0975061	-0.105808
-0.0827686	-0.150376
0.0887417	-0.0765937
0.0939678	-0.10162
-0.0768846	-0.150032
0.0851482	-0.0715748
0.0903941	-0.0974315
-0.0709579	-0.149702
0.0814672	-0.066531
0.0867072	-0.0932053
-0.0649882	-0.149406
0.0776686	-0.0614722
0.0828467	-0.0889037
-0.0589757	-0.149155
0.0737343	-0.0564031
0.0787758	-0.0844969
-0.0529217	-0.148955
0.0696593	-0.0513234
0.074483	-0.0799655
-0.0468284	-0.148801
0.0654511	-0.046229
0.0699803	-0.0753025
-0.040699	-0.148687
0.0611263	-0.0411138
0.0652978	-0.0705126
-0.0345368	-0.148601
0.0567082	-0.035971
0.0604777	-0.0656099
-0.0283457	-0.148529
0.0522223	-0.0307944
0.0555664	-0.0606151
-0.0221292	-0.148461
0.0476934	-0.0255796
0.0506085	-0.0555522
-0.0158909	-0.148384
0.0431425	-0.0203248
0.045641	-0.0504448
-0.00963387	-0.148294
0.0385854	-0.0150306
0.0406905	-0.0453136
-0.00336066	-0.148185
0.0340316	-0.00970017
0.0357714	-0.040175
0.0029265	-0.148058
0.0294849	-0.00433877
0.0308869	-0.0350392
0.00922574	-0.147917
0.0249443	0.00104725
0.0260313	-0.0299113
0.0155354	-0.147765
0.0204056	0.00645095
0.0211924	-0.0247914
0.021854	-0.147608
0.0158634	0.0118656
0.0163556	-0.0196764
0.02818	-0.147452
0.0113123	0.0172852
0.011507	-0.0145617
0.0345117	-0.147301
0.00674871	0.0227049
0.00663562	-0.00944223
0.0408473	-0.147157
0.0021715	0.028121
0.00173574	-0.00431454
0.0471846	-0.147023
-0.00241748	0.0335309
-0.0031928	0.000822812
0.0535214	-0.146897
-0.00701351	0.0389332
-0.00814452	0.00596855
0.0598552	-0.146778
-0.0116095	0.0443269
-0.0131094	0.0111186
0.0661835	-0.146662
-0.0161965	0.0497115
-0.0180741	0.0162667
0.0725035	-0.146548
-0.020765	0.0550863
-0.0230237	0.0214046
0.0788127	-0.146431
-0.0253054	0.0604503
-0.0279435	0.0265233
0.0851084	-0.146308
-0.0298085	0.0658022
-0.0328198	0.0316136
0.0913882	-0.146177
-0.0342666	0.0711398
-0.0376415	0.0366668
0.0976498	-0.146038
-0.0386733	0.0764606
-0.0424	0.0416751
0.103891	-0.145888
-0.0430235	0.0817617
-0.0470894	0.0466321
0.110109	-0.145729
-0.0473136	0.0870396
-0.0517063	0.0515327
0.116303	-0.145561
-0.0515407	0.092291
-0.0562489	0.056373
0.12247	-0.145384
-0.0557026	0.0975123
-0.0607164	0.0611502
0.128609	-0.1452
-0.0597972	0.1027
-0.0651082	0.0658619
0.134717	-0.145009
-0.0638222	0.107852
-0.0694235	0.0705061
0.140793	-0.144811
-0.0677751	0.112965
-0.0736602	0.0750805
0.146835	-0.144608
-0.0716526	0.118037
-0.0778156	0.0795829
0.15284	-0.144398
-0.0754512	0.123066
-0.0818854	0.0840101
0.158808	-0.144181
-0.0791666	0.128049
-0.0858647	0.0883589
0.164735	-0.143956
-0.0827944	0.132986
-0.0897477	0.0926253
0.170621	-0.143722
-0.0863302	0.137874
-0.0935283	0.0968053
0.176463	-0.143479
-0.0897693	0.142712
-0.0972005	0.100895
0.18226	-0.143225
-0.0931077	0.147499
-0.100759	0.104889
0.188009	-0.142959
-0.0963415	0.152233
-0.104198	0.108784
0.19371	-0.142681
-0.0994674	0.156912
-0.107513	0.112576
0.19936	-0.142392
-0.102482	0.161534
-0.110702	0.116263
0.204959	-0.142089
-0.105384	0.166099
-0.113762	0.119841
0.210505	-0.141774
-0.108171	0.170603
-0.116689	0.123307
0.215996	-0.141447
-0.110841	0.175045
-0.119484	0.126661
0.221431	-0.141107
-0.113393	0.179425
-0.122145	0.1299
0.22681	-0.140755
-0.115826	0.183739
-0.12467	0.133023
0.232131	-0.140392
-0.118139	0.187989
-0.127059	0.136029
0.237392	-0.140016
-0.120331	0.192171
-0.129311	0.138917
0.242594	-0.139628
-0.1224	0.196285
-0.131425	0.141686
0.247735	-0.139229
-0.124347	0.200331
-0.1334	0.144336
0.252814	-0.138817
-0.126171	0.204308
-0.135235	0.146865
0.25783	-0.138393
-0.12787	0.208214
-0.136929	0.149274
0.262783	-0.137957
-0.129446	0.212051
-0.138482	0.151561
0.267672	-0.137509
-0.130898	0.215817
-0.139893	0.153726
0.272497	-0.137049
-0.132225	0.219512
-0.141163	0.15577
0.277256	-0.136577
-0.13343	0.223136
-0.142292	0.157692
0.28195	-0.136093
-0.134512	0.226688
-0.143281	0.159493
0.286577	-0.135597
-0.135474	0.230169
-0.144131	0.161175
0.291139	-0.13509
-0.136315	0.233579
-0.144844	0.162737
0.295633	-0.134571
-0.137039	0.236918
-0.145421	0.164181
0.300062	-0.134042
-0.137647	0.240185
-0.145866	0.16551
0.304423	-0.133503
-0.138141	0.243382
-0.146182	0.166724
0.308718	-0.132954
-0.138525	0.246508
-0.146369	0.167827
0.312945	-0.132396
-0.1388	0.249564
-0.146433	0.16882
0.317107	-0.131829
-0.13897	0.252552
-0.146376	0.169705
0.321201	-0.131254
-0.139037	0.25547
-0.146202	0.170486
0.32523	-0.13067
-0.139006	0.258321
-0.145915	0.171166
0.329192	-0.13008
-0.138879	0.261106
-0.145517	0.171747
0.333088	-0.129483
-0.13866	0.263824
-0.145015	0.172232
0.33692	-0.128879
-0.138352	0.266478
-0.14441	0.172626
0.340686	-0.12827
-0.137961	0.269068
-0.14371	0.172932
0.344388	-0.127656
-0.13749	0.271596
-0.142917	0.173152
0.348025	-0.127037
-0.136944	0.274063
-0.142038	0.173292
0.3516	-0.126415
-0.136327	0.27647
-0.141077	0.173356
0.355111	-0.12579
-0.135643	0.278819
-0.14004	0.173346
0.358561	-0.125162
-0.134899	0.281111
-0.138933	0.173269
0.361949	-0.124533
-0.134098	0.283347
-0.137761	0.173129
0.365277	-0.123903
-0.133247	0.28553
-0.13653	0.17293
0.368544	-0.123274
-0.13235	0.287661
-0.135247	0.172676
0.371752	-0.122645
-0.131412	0.289741
-0.133917	0.172374
0.374902	-0.122018
-0.13044	0.291772
-0.132548	0.172028
0.377994	-0.121394
-0.129439	0.293756
-0.131144	0.171642
0.38103	-0.120773
-0.128414	0.295695
-0.129714	0.171223
0.384009	-0.120156
-0.127371	0.29759
-0.128263	0.170774
0.386934	-0.119544
-0.126316	0.299443
-0.126798	0.170303
0.389804	-0.118938
-0.125254	0.301257
-0.125326	0.169813
0.392621	-0.118338
-0.124192	0.303032
-0.123853	0.169309
0.395385	-0.117747
-0.123134	0.304771
-0.122386	0.168798
0.398098	-0.117163
-0.122087	0.306476
-0.120932	0.168285
0.40076	-0.116589
-0.121057	0.308148
-0.119497	0.167774
0.403373	-0.116026
-0.120049	0.30979
-0.118088	0.167272
0.405936	-0.115473
-0.119068	0.311402
-0.116711	0.166782
0.408451	-0.114931
-0.118121	0.312988
-0.115373	0.166311
0.410919	-0.114403
-0.117213	0.314548
-0.114081	0.165864
0.41334	-0.113888
-0.116349	0.316084
-0.11284	0.165445
0.415715	-0.113387
-0.115535	0.317598
-0.111658	0.165059
0.418045	-0.112902
-0.114776	0.319092
-0.11054	0.164712
0.42033	-0.112432
-0.114077	0.320567
-0.109493	0.164408
0.422572	-0.111979
-0.113443	0.322025
-0.108521	0.164152
0.424771	-0.111543
-0.112879	0.323467
-0.107631	0.163948
0.426927	-0.111125
-0.112389	0.324894
-0.106829	0.1638
0.429041	-0.110727
-0.111979	0.326309
-0.106119	0.163714
0.431113	-0.110347
-0.111652	0.327712
-0.105507	0.163692
0.433144	-0.109988
-0.111412	0.329105
-0.104997	0.163739
0.435134	-0.10965
-0.111264	0.330489
-0.104595	0.163859
0.437084	-0.109332
-0.111211	0.331864
-0.104305	0.164054
0.438994	-0.109037
-0.111256	0.333232
-0.104131	0.164329
0.440864	-0.108765
-0.111404	0.334594
-0.104077	0.164686
0.442694	-0.108515
-0.111656	0.33595
-0.104146	0.165128
0.444485	-0.108289
-0.112016	0.337301
-0.104342	0.165657
0.446236	-0.108087
-0.112486	0.338649
-0.104668	0.166277
0.447947	-0.10791
-0.113068	0.339992
-0.105126	0.166989
0.449618	-0.107757
-0.113765	0.341332
-0.10572	0.167796
0.451249	-0.107629
-0.114578	0.342669
-0.106451	0.168698
0.45284	-0.107526
-0.115508	0.344003
-0.107321	0.169697
0.454391	-0.10745
-0.116557	0.345334
-0.108332	0.170794
0.4559	-0.107399
-0.117724	0.346662
-0.109484	0.17199
0.457369	-0.107374
-0.119012	0.347988
-0.110779	0.173286
0.458795	-0.107375
-0.120419	0.34931
-0.112216	0.174682
0.460179	-0.107403
-0.121946	0.350628
-0.113796	0.176177
0.461519	-0.107457
-0.123592	0.351941
-0.115519	0.177771
0.462816	-0.107537
-0.125357	0.35325
-0.117383	0.179465
0.464067	-0.107644
-0.127238	0.354553
-0.119388	0.181255
0.465273	-0.107777
-0.129236	0.35585
-0.121532	0.183143
0.466432	-0.107936
-0.131348	0.357139
-0.123813	0.185125
0.467544	-0.108121
-0.133572	0.358419
-0.12623	0.1872
0.468606	-0.108332
-0.135905	0.359689
-0.128779	0.189366
0.469619	-0.108568
-0.138345	0.360948
-0.131458	0.191621
0.47058	-0.108829
-0.140889	0.362194
-0.134264	0.193961
0.471488	-0.109116
-0.143533	0.363425
-0.137192	0.196384
0.472343	-0.109427
-0.146274	0.36464
-0.140239	0.198886
0.473142	-0.109762
-0.149108	0.365838
-0.1434	0.201463
0.473884	-0.11012
-0.15203	0.367015
-0.146671	0.204113
0.474567	-0.110502
-0.155036	0.36817
-0.150046	0.206829
0.47519	-0.110906
-0.158121	0.369301
-0.15352	0.209609
0.475751	-0.111332
-0.161279	0.370406
-0.157088	0.212448
0.476248	-0.111779
-0.164507	0.371482
-0.160743	0.215339
0.47668	-0.112247
-0.167796	0.372526
-0.164478	0.218279
0.477044	-0.112734
-0.171142	0.373537
-0.168288	0.221261
0.477339	-0.113241
-0.174539	0.374512
-0.172164	0.22428
0.477564	-0.113767
-0.177979	0.375447
-0.176101	0.22733
0.477714	-0.114309
-0.181457	0.376341
-0.180089	0.230405
0.47779	-0.114869
-0.184965	0.37719
-0.184122	0.233498
0.477789	-0.115444
-0.188496	0.377991
-0.188191	0.236603
0.477709	-0.116034
-0.192043	0.378742
-0.192288	0.239713
0.477547	-0.116638
-0.195598	0.379439
-0.196405	0.24282
0.477302	-0.117255
-0.199154	0.380079
-0.200532	0.245919
0.476972	-0.117884
-0.202702	0.38066
-0.204661	0.249001
0.476554	-0.118523
-0.206235	0.381177
-0.208782	0.25206
0.476047	-0.119173
-0.209745	0.381629
-0.212887	0.255087
0.475447	-0.119831
-0.213223	0.38201
-0.216965	0.258075
0.474754	-0.120497
-0.216661	0.38232
-0.221008	0.261017
0.473965	-0.121169
-0.22005	0.382553
-0.225005	0.263904
0.473079	-0.121847
-0.223383	0.382707
-0.228947	0.266729
0.472092	-0.122529
-0.22665	0.382778
-0.232825	0.269483
0.471003	-0.123214
-0.229843	0.382764
-0.236627	0.27216
0.469809	-0.123901
-0.232954	0.382661
-0.240345	0.27475
0.46851	-0.124589
-0.235974	0.382465
-0.243969	0.277246
0.467103	-0.125277
-0.238894	0.382175
-0.247488	0.279641
0.465586	-0.125962
-0.241706	0.381786
-0.250892	0.281925
0.463958	-0.126645
-0.244402	0.381295
-0.254173	0.284091
0.462216	-0.127324
-0.246972	0.3807
-0.25732	0.286132
0.460358	-0.127998
-0.24941	0.379997
-0.260323	0.28804
0.458384	-0.128665
-0.251706	0.379184
-0.263174	0.289807
0.456292	-0.129325
-0.253853	0.378258
-0.265863	0.291426
0.45408	-0.129976
-0.255843	0.377215
-0.26838	0.292889
0.451746	-0.130618
-0.257669	0.376054
-0.270717	0.294189
0.44929	-0.131249
-0.259322	0.374772
-0.272865	0.29532
0.44671	-0.131867
-0.260796	0.373366
-0.274815	0.296275
0.444005	-0.132473
-0.262084	0.371834
-0.276559	0.297046
0.441174	-0.133065
-0.263179	0.370175
-0.27809	0.297628
0.438216	-0.133642
-0.264074	0.368385
-0.2794	0.298015
0.43513	-0.134202
-0.264764	0.366462
-0.28048	0.298201
0.431916	-0.134746
-0.265243	0.364406
-0.281326	0.298181
0.428572	-0.135272
-0.265504	0.362215
-0.281929	0.297949
0.425099	-0.135779
-0.265544	0.359886
-0.282283	0.2975
0.421496	-0.136267
-0.265357	0.357419
-0.282384	0.29683
0.417762	-0.136735
-0.264939	0.354812
-0.282225	0.295935
0.413898	-0.137181
-0.264286	0.352065
-0.281802	0.294811
0.409904	-0.137606
-0.263395	0.349177
-0.28111	0.293455
0.40578	-0.138009
-0.262262	0.346146
-0.280145	0.291863
0.401525	-0.138389
-0.260884	0.342973
-0.278905	0.290034
0.397142	-0.138746
-0.259259	0.339657
-0.277385	0.287964
0.392629	-0.13908
-0.257386	0.336199
-0.275585	0.285652
0.387988	-0.139389
-0.255264	0.332597
-0.273501	0.283098
0.38322	-0.139674
-0.25289	0.328853
-0.271133	0.280299
0.378326	-0.139934
-0.250266	0.324967
-0.26848	0.277255
0.373307	-0.14017
-0.24739	0.32094
-0.265542	0.273967
0.368163	-0.14038
-0.244264	0.316773
-0.262319	0.270435
0.362898	-0.140566
-0.24089	0.312466
-0.258812	0.26666
0.357511	-0.140727
-0.237267	0.308022
-0.255023	0.262643
0.352005	-0.140864
-0.233399	0.303441
-0.250955	0.258386
0.346382	-0.140975
-0.229288	0.298725
-0.246608	0.253892
0.340644	-0.141063
-0.224937	0.293876
-0.241988	0.249164
0.334792	-0.141126
-0.22035	0.288897
-0.237097	0.244203
0.32883	-0.141165
-0.21553	0.283789
-0.231941	0.239016
0.322759	-0.141181
-0.210483	0.278555
-0.226523	0.233604
0.316583	-0.141174
-0.205213	0.273198
-0.220851	0.227974
0.310303	-0.141145
-0.199725	0.267721
-0.214928	0.22213
0.303922	-0.141094
-0.194026	0.262126
-0.208763	0.216077
0.297444	-0.141022
-0.188122	0.256418
-0.202362	0.209822
0.290872	-0.140929
-0.18202	0.250598
-0.195733	0.20337
0.284208	-0.140817
-0.175726	0.244672
-0.188884	0.196729
0.277456	-0.140686
-0.169248	0.238642
-0.181822	0.189906
0.270619	-0.140537
-0.162595	0.232513
-0.174558	0.182907
0.263701	-0.140371
-0.155774	0.226288
-0.1671	0.175741
0.256705	-0.140188
-0.148794	0.219973
-0.159458	0.168416
0.249634	-0.139991
-0.141664	0.213571
-0.151643	0.16094
0.242494	-0.139779
-0.134394	0.207086
-0.143664	0.153323
0.235287	-0.139554
-0.126993	0.200524
-0.135534	0.145572
0.228016	-0.139318
-0.119472	0.19389
-0.127262	0.137698
0.220688	-0.13907
-0.111839	0.187187
-0.118861	0.12971
0.213304	-0.138813
-0.104106	0.180422
-0.110342	0.121619
0.20587	-0.138547
-0.096284	0.173599
-0.101717	0.113433
0.198389	-0.138274
-0.0883831	0.166723
-0.092999	0.105164
0.190865	-0.137995
-0.0804145	0.1598
-0.0842004	0.0968212
0.183304	-0.137712
-0.0723898	0.152834
-0.075334	0.0884165
0.175708	-0.137425
-0.0643202	0.145833
-0.0664126	0.0799602
0.168083	-0.137136
-0.0562175	0.1388
-0.0574496	0.0714634
0.160432	-0.136846
-0.0480932	0.131741
-0.0484581	0.0629371
0.15276	-0.136557
-0.0399593	0.124663
-0.0394517	0.0543927
0.145071	-0.13627
-0.0318276	0.117569
-0.0304438	0.0458412
0.13737	-0.135987
-0.0237101	0.110467
-0.021448	0.0372943
0.129661	-0.135708
-0.0156188	0.103362
-0.0124781	0.0287631
0.121947	-0.135435
-0.00756561	0.0962593
-0.00354757	0.0202593
0.114234	-0.13517
0.000437377	0.0891643
0.00532974	0.0117942
0.106526	-0.134914
0.0083782	0.0820828
0.0141402	0.00337917
0.0988269	-0.134669
0.0162449	0.0750205
0.0228701	-0.0049743
0.0911407	-0.134435
0.0240257	0.0679828
0.0315059	-0.0132549
0.0834718	-0.134214
0.0317087	0.0609752
0.0400342	-0.0214515
0.0758242	-0.134007
0.0392823	0.0540031
0.0484415	-0.0295527
0.0682021	-0.133817
0.0467349	0.0470719
0.0567145	-0.0375476
0.0606093	-0.133644
0.0540552	0.0401869
0.0648403	-0.0454254
0.0530499	-0.133489
0.061232	0.0333532
0.0728058	-0.0531751
0.0455277	-0.133355
0.0682542	0.026576
0.0805985	-0.0607864
0.0380463	-0.133241
0.0751112	0.0198603
0.0882058	-0.0682488
0.0306097	-0.13315
0.0817923	0.0132109
0.0956156	-0.0755521
0.0232212	-0.133083
0.0882873	0.00663264
0.102816	-0.0826865
0.0158843	-0.133041
0.0945863	0.000130089
0.109796	-0.0896424
0.0086026	-0.133025
0.10068	-0.00629224
0.116543	-0.0964104
0.00137919	-0.133036
0.106558	-0.01263
0.123047	-0.102981
-0.00578273	-0.133076
0.112212	-0.018879
0.129298	-0.109347
-0.0128801	-0.133145
0.117634	-0.0250353
0.135285	-0.115498
-0.0199101	-0.133245
0.122815	-0.031095
0.140998	-0.121428
-0.0268699	-0.133376
0.127748	-0.0370546
0.14643	-0.127128
-0.0337569	-0.13354
0.132425	-0.0429104
0.151571	-0.132591
-0.0405685	-0.133736
0.13684	-0.0486592
0.156412	-0.137811
-0.0473025	-0.133967
0.140986	-0.0542981
0.160948	-0.142781
-0.0539566	-0.134233
0.144857	-0.0598241
0.165169	-0.147495
-0.0605288	-0.134534
0.148448	-0.0652347
0.169071	-0.151948
-0.0670172	-0.134872
0.151754	-0.0705273
0.172647	-0.156136
-0.0734202	-0.135246
0.154772	-0.0757
0.175892	-0.160053
-0.0797361	-0.135657
0.157497	-0.0807506
0.178802	-0.163697
-0.0859635	-0.136106
0.159927	-0.0856777
0.181373	-0.167063
-0.0921014	-0.136593
0.162059	-0.0904796
0.183602	-0.170149
-0.0981485	-0.137117
0.163891	-0.0951552
0.185486	-0.172954
-0.104104	-0.137681
0.165423	-0.0997036
0.187025	-0.175475
-0.109967	-0.138282
0.166653	-0.104124
0.188216	-0.177712
-0.115738	-0.138921
0.167582	-0.108416
0.18906	-0.179664
-0.121415	-0.139599
0.168211	-0.112579
0.189558	-0.181331
-0.127	-0.140315
0.168541	-0.116614
0.18971	-0.182715
-0.13249	-0.141069
0.168574	-0.120521
0.189519	-0.183817
-0.137888	-0.141859
0.168313	-0.1243
0.188988	-0.184639
-0.143193	-0.142687
0.167761	-0.127953
0.18812	-0.185184
-0.148406	-0.143551
0.166923	-0.13148
0.186921	-0.185456
-0.153528	-0.144451
0.165803	-0.134882
0.185394	-0.185457
-0.158558	-0.145385
0.164407	-0.138162
0.183546	-0.185193
-0.1635	-0.146354
0.16274	-0.141321
0.181384	-0.18467
-0.168353	-0.147356
0.16081	-0.144362
0.178915	-0.183892
-0.173118	-0.14839
0.158624	-0.147286
0.176147	-0.182866
-0.177799	-0.149455
0.156188	-0.150097
0.173089	-0.1816
-0.182395	-0.15055
0.153513	-0.152796
0.169751	-0.1801
-0.18691	-0.151674
0.150607	-0.155388
0.166143	-0.178374
-0.191344	-0.152825
0.147479	-0.157875
0.162276	-0.176432
-0.1957	-0.154003
0.14414	-0.160261
0.15816	-0.174282
-0.19998	-0.155204
0.1406	-0.16255
0.153809	-0.171935
-0.204187	-0.156429
0.136871	-0.164745
0.149235	-0.169399
-0.208323	-0.157675
0.132964	-0.166851
0.144451	-0.166685
-0.21239	-0.158941
0.128891	-0.168871
0.139471	-0.163805
-0.216392	-0.160225
0.124665	-0.170811
0.134309	-0.16077
-0.22033	-0.161525
0.120298	-0.172674
0.12898	-0.157592
-0.224207	-0.16284
0.115805	-0.174466
0.123499	-0.154282
-0.228028	-0.164167
0.111197	-0.176191
0.117881	-0.150853
-0.231794	-0.165505
0.10649	-0.177854
0.112144	-0.147318
-0.235508	-0.166851
0.101698	-0.179461
0.106302	-0.143689
-0.239174	-0.168204
0.0968344	-0.181016
0.100372	-0.139981
-0.242795	-0.169562
0.0919149	-0.182526
0.094372	-0.136207
-0.246374	-0.170923
0.0869542	-0.183995
0.0883183	-0.132381
-0.249913	-0.172284
0.0819674	-0.185428
0.0822286	-0.128515
-0.253418	-0.173644
0.0769697	-0.186832
0.0761203	-0.124625
-0.25689	-0.174999
0.0719766	-0.188211
0.0700111	-0.120725
-0.260332	-0.17635
0.0670035	-0.189572
0.0639188	-0.116829
-0.263749	-0.177692
0.0620659	-0.19092
0.0578614	-0.112952
-0.267144	-0.179023
0.0571794	-0.19226
0.0518566	-0.109107
-0.270518	-0.180343
0.0523596	-0.193599
0.0459226	-0.105309
-0.273877	-0.181648
0.0476218	-0.194941
0.0400772	-0.101573
-0.277222	-0.182937
0.0429817	-0.196292
0.0343383	-0.0979134
-0.280557	-0.184206
0.0384544	-0.197659
0.0287236	-0.0943436
-0.283885	-0.185455
0.0340553	-0.199045
0.0232507	-0.0908782
-0.287209	-0.186681
0.0297993	-0.200457
0.0179371	-0.0875311
-0.290532	-0.187881
0.0257013	-0.201899
0.0128001	-0.0843162
-0.293856	-0.189055
0.0217759	-0.203378
0.00785656	-0.0812472
-0.297185	-0.190198
0.0180374	-0.204897
0.00312331	-0.0783374
-0.30052	-0.191311
0.0144999	-0.206462
-0.00138329	-0.0756
-0.303865	-0.19239
0.0111771	-0.208078
-0.00564719	-0.0730477
-0.307221	-0.193434
0.00808241	-0.209749
-0.00965273	-0.0706932
-0.310591	-0.19444
0.00522873	-0.211479
-0.0133847	-0.0685487
-0.313978	-0.195408
0.00262864	-0.213273
-0.0168284	-0.0666257
-0.317382	-0.196334
0.000294218	-0.215135
-0.0199694	-0.0649359
-0.320807	-0.197218
-0.00176293	-0.217069
-0.0227942	-0.0634901
-0.324253	-0.198058
-0.00353173	-0.219078
-0.0252896	-0.0622986
-0.327722	-0.198851
-0.00500162	-0.221166
-0.0274431	-0.0613716
-0.331215	-0.199597
-0.00616266	-0.223336
-0.0292427	-0.0607184
-0.334734	-0.200294
-0.00700548	-0.225591
-0.0306774	-0.060348
-0.33828	-0.20094
-0.00752136	-0.227933
-0.0317365	-0.0602685
-0.341853	-0.201535
-0.00770221	-0.230366
-0.0324104	-0.0604878
-0.345454	-0.202076
-0.00754067	-0.23289
-0.0326901	-0.0610129
-0.349083	-0.202563
-0.00703004	-0.235509
-0.0325674	-0.0618503
-0.352741	-0.202996
-0.00616439	-0.238223
-0.032035	-0.0630056
-0.356428	-0.203371
-0.0049385	-0.241034
-0.0310865	-0.0644839
-0.360143	-0.20369
-0.00334794	-0.243942
-0.0297161	-0.0662898
-0.363886	-0.203951
-0.00138906	-0.246949
-0.0279192	-0.0684266
-0.367656	-0.204154
0.000940972	-0.250055
-0.025692	-0.0708973
-0.371453	-0.204297
0.00364419	-0.253259
-0.0230317	-0.073704
-0.375276	-0.204381
0.00672177	-0.256562
-0.0199364	-0.0768483
-0.379122	-0.204405
0.0101741	-0.259962
-0.0164051	-0.0803304
-0.382992	-0.20437
0.0140006	-0.263459
-0.0124379	-0.0841504
-0.386882	-0.204274
0.0182	-0.267052
-0.00803578	-0.088307
-0.390791	-0.204118
0.0227701	-0.270738
-0.00320078	-0.0927986
-0.394718	-0.203902
0.0277079	-0.274517
0.00206411	-0.0976226
-0.398658	-0.203626
0.0330093	-0.278384
0.00775491	-0.102775
-0.402611	-0.203291
0.0386697	-0.282339
0.0138666	-0.108253
-0.406573	-0.202897
0.0446833	-0.286377
0.0203933	-0.11405
-0.41054	-0.202445
0.0510438	-0.290496
0.0273281	-0.120161
-0.414511	-0.201935
0.0577437	-0.294692
0.0346631	-0.12658
-0.418481	-0.201369
0.064775	-0.29896
0.0423893	-0.133298
-0.422447	-0.200746
0.0721287	-0.303297
0.0504971	-0.140308
-0.426404	-0.200069
0.0797949	-0.307697
0.0589757	-0.1476
-0.43035	-0.199337
0.0877631	-0.312157
0.0678135	-0.155166
-0.434279	-0.198554
0.0960219	-0.31667
0.0769978	-0.162995
-0.438188	-0.197719
0.104559	-0.321231
0.0865154	-0.171075
-0.442071	-0.196834
0.113362	-0.325835
0.0963519	-0.179394
-0.445925	-0.1959
0.122417	-0.330474
0.106492	-0.187941
-0.449743	-0.19492
0.13171	-0.335143
0.116921	-0.196702
-0.453522	-0.193895
0.141225	-0.339835
0.12762	-0.205663
-0.457255	-0.192827
0.150947	-0.344543
0.138573	-0.214809
-0.460938	-0.191718
0.16086	-0.349259
0.149762	-0.224126
-0.464566	-0.190569
0.170946	-0.353977
0.161167	-0.233598
-0.468131	-0.189382
0.181189	-0.358688
0.172768	-0.243208
-0.47163	-0.188161
0.19157	-0.363385
0.184547	-0.252939
-0.475055	-0.186906
0.202069	-0.36806
0.196481	-0.262775
-0.478402	-0.18562
0.212669	-0.372704
0.208548	-0.272697
-0.481664	-0.184306
0.223349	-0.377308
0.220728	-0.282688
-0.484835	-0.182966
0.234089	-0.381865
0.232996	-0.292727
-0.487909	-0.181603
0.244868	-0.386366
0.24533	-0.302796
-0.490879	-0.180218
0.255666	-0.3908
0.257705	-0.312876
-0.493741	-0.178815
0.26646	-0.39516
0.270098	-0.322946
-0.496486	-0.177396
0.277228	-0.399437
0.282483	-0.332986
-0.49911	-0.175964
0.28795	-0.40362
0.294836	-0.342975
-0.149719	0
-0.0989787	0
0.157381	0
-0.149559	-0.0981323
-0.106598	0.207877
0.151152	0.272488
-0.148597	0.018629
-0.125956	0.171919
0.124501	0.0409044
-0.146831	-0.0828885
-0.157152	0.126007
0.0771038	0.067373
-0.144263	-0.0969183
-0.200355	0.0765349
0.008382	0.0781967
-0.140893	-0.126372
-0.255772	0.0905858
-0.0824491	0.174533
-0.136721	-0.127743
-0.323699	0.101298
-0.196452	0.218464
-0.13176	-0.158777
-0.404307	0.0932941
-0.334533	0.264175
-0.126172	-0.200708
-0.49577	0.0654787
-0.493646	0.316347
-0.120565	-0.25065
-0.590394	0.0398851
-0.659096	0.397215
-0.115532	-0.292296
-0.680857	0.0244309
-0.817184	0.487017
-0.111231	-0.326668
-0.765743	0.0176747
-0.966149	0.572768
-0.107687	-0.357956
-0.84535	0.0102016
-1.10762	0.645716
0.209616	0
-0.0475017	0
-0.0875416	0
0.209268	-0.186419
-0.0416188	0.312236
-0.0809566	0.374082
0.20898	-0.016627
-0.0368125	0.195453
-0.0769888	-0.0529494
0.208695	-0.184677
-0.0322712	0.114707
-0.0740244	0.0015124
0.207641	-0.169143
-0.0172553	0.0610646
-0.0506043	-0.00253169
0.205899	-0.165239
0.00717845	0.116759
-0.00873784	0.0860244
0.20413	-0.10974
0.032029	0.157542
0.0337739	0.0499339
0.202879	-0.101947
0.0498905	0.162997
0.0623212	0.00258358
0.201926	-0.107009
0.0639339	0.137882
0.083376	-0.0408246
0.200968	-0.116276
0.0784082	0.123853
0.105521	-0.0443579
0.200004	-0.109254
0.0934364	0.128173
0.129094	-0.0423456
0.199299	-0.098078
0.105428	0.138614
0.147016	-0.0496925
0.199002	-0.0922586
0.112392	0.1396
0.155385	-0.0678555
0.199061	-0.0952586
0.115089	0.131486
0.155733	-0.081755
0.199323	-0.100769
0.115662	0.122675
0.152319	-0.0852623
0.199673	-0.104036
0.115695	0.11878
0.148256	-0.0820291
0.200082	-0.104664
0.115593	0.118344
0.14431	-0.0793115
0.200545	-0.105167
0.115427	0.117622
0.140573	-0.0795096
0.201027	-0.106712
0.115681	0.115298
0.137971	-0.0808221
0.201476	-0.108346
0.117068	0.112929
0.137899	-0.0812415
0.201866	-0.108609
0.119953	0.112209
0.141068	-0.0811737
0.202216	-0.107217
0.124106	0.113159
0.147021	-0.0822768
0.202568	-0.104978
0.128948	0.114627
0.154621	-0.0853679
0.202967	-0.102767
0.133905	0.115729
0.162754	-0.0897768
0.203446	-0.100871
0.138551	0.116445
0.170606	-0.094303
0.20403	-0.0991812
0.142555	0.11716
0.177555	-0.0982264
0.204743	-0.0976584
0.145615	0.118028
0.183028	-0.101433
0.205604	-0.0964859
0.147486	0.118874
0.186571	-0.103939
0.206622	-0.0958747
0.148058	0.119502
0.187978	-0.10556
0.207793	-0.0958579
0.147374	0.119939
0.187349	-0.106021
0.209107	-0.0962903
0.145593	0.120379
0.184999	-0.105215
0.210547	-0.0969837
0.142922	0.121002
0.181337	-0.103281
0.212097	-0.0978051
0.139575	0.121882
0.176779	-0.100483
0.213741	-0.0986743
0.135752	0.123026
0.171708	-0.0970602
0.215465	-0.0995201
0.131622	0.12445
0.166449	-0.0931809
0.217258	-0.100268
0.127309	0.126187
0.161236	-0.0889745
0.219114	-0.100866
0.122875	0.128258
0.156181	-0.0845591
0.221031	-0.10131
0.118317	0.13064
0.151269	-0.0800228
0.223011	-0.10164
0.113577	0.133278
0.146385	-0.0753919
0.225059	-0.101919
0.10857	0.136112
0.141352	-0.0706243
0.22718	-0.102208
0.103195	0.139097
0.13597	-0.0656354
0.229379	-0.102564
0.0973555	0.142201
0.130047	-0.0603288
0.231658	-0.103033
0.0909723	0.1454
0.123423	-0.0546165
0.234019	-0.10365
0.0839908	0.148677
0.115984	-0.0484256
0.23646	-0.104437
0.0763876	0.152023
0.10768	-0.041702
0.238978	-0.105394
0.0681709	0.155443
0.0985173	-0.0344164
0.241568	-0.106508
0.0593761	0.158951
0.0885566	-0.0265689
0.24422	-0.107751
0.0500581	0.162563
0.0778933	-0.0181879
0.246926	-0.109093
0.0402826	0.166294
0.0666427	-0.00932273
0.249678	-0.110502
0.0301172	0.170155
0.0549228	-3.43592e-05
0.252466	-0.11195
0.0196246	0.174152
0.0428404	0.00961339
0.255282	-0.113415
0.00885674	0.178284
0.0304808	0.0195606
0.258119	-0.114884
-0.00214789	0.182544
0.017902	0.0297555
0.26097	-0.116352
-0.013365	0.18692
0.00513426	0.0401586
0.263831	-0.117821
-0.0247826	0.191395
-0.00781693	0.0507432
0.266695	-0.119299
-0.0363978	0.195949
-0.0209636	0.061495
0.269558	-0.120798
-0.0482124	0.200564
-0.0343275	0.0724092
0.272415	-0.122329
-0.0602288	0.20522
-0.0479316	0.0834861
0.275261	-0.123902
-0.0724462	0.2099
-0.0617933	0.0947276
0.27809	-0.125525
-0.0848583	0.214592
-0.0759187	0.106133
0.280897	-0.1272
-0.0974511	0.219283
-0.0903005	0.117697
0.283673	-0.128928
-0.110203	0.223965
-0.104917	0.129409
0.286412	-0.130701
-0.123086	0.228631
-0.119732	0.141248
0.289106	-0.132514
-0.136066	0.233275
-0.134702	0.153189
0.291746	-0.134356
-0.149106	0.237891
-0.149776	0.165202
0.294324	-0.136217
-0.162167	0.242472
-0.1649	0.177251
0.296832	-0.138088
-0.175211	0.24701
-0.180023	0.189301
0.299262	-0.139961
-0.188203	0.251496
-0.195098	0.201316
0.301605	-0.141828
-0.201109	0.25592
-0.210082	0.213261
0.303854	-0.143685
-0.213899	0.260269
-0.224939	0.225104
0.306001	-0.145528
-0.226544	0.26453
-0.239639	0.236816
0.308039	-0.147357
-0.23902	0.26869
-0.254154	0.24837
0.309962	-0.14917
-0.251302	0.272735
-0.268463	0.259743
0.311761	-0.150967
-0.263367	0.276651
-0.282541	0.27091
0.31343	-0.152746
-0.275192	0.280425
-0.296367	0.281852
0.314962	-0.154506
-0.286752	0.284045
-0.309914	0.292544
0.31635	-0.156246
-0.29802	0.2875
-0.323156	0.302966
0.317587	-0.157962
-0.308971	0.290777
-0.336063	0.313092
0.318667	-0.15965
-0.319575	0.293867
-0.348601	0.322899
0.319582	-0.161306
-0.329804	0.29676
-0.360735	0.33236
0.320326	-0.162926
-0.339627	0.299446
-0.37243	0.341448
0.320892	-0.164502
-0.349014	0.301916
-0.383649	0.350136
0.321274	-0.166031
-0.357936	0.304161
-0.394353	0.358397
0.321466	-0.167507
-0.366363	0.306171
-0.404508	0.366202
0.321463	-0.168925
-0.374268	0.307939
-0.414078	0.373525
0.321257	-0.170281
-0.381623	0.309454
-0.42303	0.38034
0.320846	-0.17157
-0.388403	0.310709
-0.431335	0.386623
0.320223	-0.172789
-0.394584	0.311694
-0.438961	0.39235
0.319384	-0.173933
-0.400143	0.312403
-0.445883	0.397499
0.318325	-0.175001
-0.405058	0.312826
-0.452075	0.40205
0.317042	-0.175988
-0.409311	0.312958
-0.457513	0.405983
0.315533	-0.176892
-0.412881	0.312791
-0.462175	0.409281
0.313794	-0.177711
-0.415752	0.312319
-0.466039	0.411926
0.311823	-0.178441
-0.417907	0.311538
-0.469085	0.413904
0.309617	-0.17908
-0.419331	0.310442
-0.471295	0.4152
0.307176	-0.179626
-0.42001	0.309029
-0.472651	0.415801
0.304497	-0.180076
-0.419934	0.307294
-0.473138	0.415695
0.30158	-0.180427
-0.41909	0.305235
-0.472741	0.414873
0.298425	-0.180678
-0.41747	0.302852
-0.471449	0.413324
0.295032	-0.180828
-0.415067	0.300141
-0.469251	0.411043
0.291402	-0.180873
-0.411878	0.297104
-0.466142	0.408023
0.287536	-0.180815
-0.407898	0.29374
-0.462116	0.404261
0.283435	-0.180651
-0.403128	0.290049
-0.457171	0.399756
0.279103	-0.180382
-0.39757	0.286034
-0.45131	0.394508
0.274542	-0.180008
-0.391228	0.281697
-0.444535	0.388521
0.269754	-0.17953
-0.384108	0.27704
-0.436855	0.381798
0.264745	-0.178948
-0.376219	0.272066
-0.42828	0.374347
0.259518	-0.178266
-0.367573	0.26678
-0.418822	0.366178
0.254079	-0.177484
-0.358182	0.261186
-0.408496	0.3573
0.248432	-0.176605
-0.348061	0.25529
-0.397321	0.347728
0.242583	-0.175631
-0.337228	0.249099
-0.385315	0.337476
0.236539	-0.174566
-0.325699	0.242618
-0.372501	0.32656
0.230305	-0.173412
-0.313496	0.235856
-0.358903	0.314999
0.22389	-0.172171
-0.30064	0.228821
-0.344544	0.302812
0.217299	-0.170849
-0.287153	0.221521
-0.329451	0.290019
0.210542	-0.169447
-0.273059	0.213967
-0.313652	0.276643
0.203625	-0.167968
-0.258384	0.206168
-0.297177	0.262707
0.196557	-0.166417
-0.243154	0.198136
-0.280054	0.248236
0.189348	-0.164797
-0.227395	0.189881
-0.262315	0.233253
0.182004	-0.163112
-0.211137	0.181417
-0.243992	0.217787
0.174537	-0.161364
-0.194408	0.172754
-0.225119	0.201863
0.166955	-0.159558
-0.177239	0.163905
-0.20573	0.18551
0.159268	-0.157698
-0.15966	0.154885
-0.185859	0.168757
0.151485	-0.155788
-0.141703	0.145706
-0.165543	0.151634
0.143617	-0.15383
-0.123401	0.136382
-0.144819	0.134169
0.135674	-0.15183
-0.104787	0.126928
-0.123723	0.116396
0.127666	-0.149791
-0.0858946	0.117359
-0.102295	0.0983449
0.119605	-0.147718
-0.0667586	0.107688
-0.0805717	0.0800486
0.111499	-0.145614
-0.0474138	0.0979323
-0.058594	0.0615396
0.103361	-0.143484
-0.0278955	0.0881063
-0.0364011	0.0428514
0.0952018	-0.141332
-0.0082396	0.0782259
-0.0140333	0.0240174
0.0870313	-0.139162
0.0115176	0.0683071
0.00846903	0.00507192
0.078861	-0.136978
0.0313395	0.058366
0.0310647	-0.0139507
0.070702	-0.134784
0.0511892	0.0484188
0.0537124	-0.0330158
0.0625655	-0.132585
0.0710291	0.0384819
0.0763705	-0.0520882
0.0544626	-0.130385
0.0908219	0.0285718
0.0989967	-0.0711327
0.0464044	-0.128188
0.110529	0.0187051
0.121549	-0.0901135
0.0384022	-0.125999
0.130114	0.0088984
0.143984	-0.108995
0.0304669	-0.123822
0.149536	-0.000831621
0.166258	-0.127741
0.0226099	-0.121661
0.168758	-0.0104683
0.188329	-0.146315
0.014842	-0.119522
0.18774	-0.0199951
0.210153	-0.164681
0.00717431	-0.117409
0.206444	-0.0293953
0.231686	-0.182802
-0.000382335	-0.115326
0.224831	-0.0386525
0.252882	-0.200642
-0.00781714	-0.113278
0.242861	-0.0477503
0.273699	-0.218164
-0.0151194	-0.111271
0.260495	-0.0566724
0.294091	-0.235331
-0.0222787	-0.109309
0.277694	-0.0654027
0.314013	-0.252106
-0.0292847	-0.107397
0.294419	-0.0739254
0.333421	-0.268454
-0.0361271	-0.10554
0.31063	-0.0822248
0.35227	-0.284337
-0.0427961	-0.103744
0.326289	-0.0902855
0.370515	-0.299719
-0.049282	-0.102013
0.341358	-0.0980926
0.388111	-0.314565
-0.0555752	-0.100353
0.355798	-0.105631
0.405014	-0.328838
-0.0616666	-0.0987696
0.369571	-0.112887
0.421179	-0.342503
-0.0675473	-0.0972674
0.38264	-0.119847
0.436561	-0.355525
-0.0732088	-0.0958524
0.394969	-0.126497
0.451118	-0.367871
-0.0786429	-0.0945301
0.406521	-0.132824
0.464806	-0.379506
-0.0838418	-0.0933058
0.417261	-0.138817
0.477583	-0.390398
-0.0887982	-0.0921852
0.427156	-0.144463
0.489406	-0.400514
-0.0935051	-0.0911738
0.436172	-0.149752
0.500237	-0.409824
-0.0979561	-0.0902772
0.444277	-0.154674
0.510034	-0.418298
-0.102145	-0.0895006
0.451442	-0.159219
0.518761	-0.425908
-0.106067	-0.0888495
0.457638	-0.163378
0.52638	-0.432626
-0.109717	-0.0883289
0.462839	-0.167145
0.532858	-0.438427
-0.113091	-0.0879437
0.467019	-0.170512
0.538164	-0.443287
-0.116184	-0.0876985
0.470156	-0.173472
0.542266	-0.447186
-0.118995	-0.0875978
0.472232	-0.176022
0.545139	-0.450103
-0.121522	-0.0876453
0.473229	-0.178157
0.54676	-0.452022
-0.123761	-0.0878445
0.473133	-0.179874
0.547109	-0.452927
-0.125713	-0.0881983
0.471933	-0.18117
0.54617	-0.452808
-0.127379	-0.0887089
0.469622	-0.182044
0.543931	-0.451656
-0.128757	-0.0893779
0.466196	-0.182497
0.540386	-0.449465
-0.129851	-0.0902062
0.461655	-0.182528
0.535532	-0.446233
-0.130663	-0.0911938
0.456003	-0.18214
0.529372	-0.441961
-0.131195	-0.0923398
0.449247	-0.181334
0.521914	-0.436654
-0.131451	-0.0936426
0.441399	-0.180114
0.51317	-0.430319
-0.131437	-0.0951
0.432474	-0.178485
0.503159	-0.422969
-0.131158	-0.0967085
0.42249	-0.176453
0.491904	-0.414618
-0.13062	-0.0984642
0.411471	-0.174022
0.479431	-0.405286
-0.12983	-0.100362
0.399442	-0.171201
0.465771	-0.394993
-0.128795	-0.102398
0.38643	-0.167997
0.450961	-0.383765
-0.127524	-0.104566
0.372468	-0.164421
0.435038	-0.37163
-0.126025	-0.106859
0.357589	-0.160482
0.418042	-0.358616
-0.124308	-0.109273
0.341828	-0.156191
0.400017	-0.344756
-0.122382	-0.1118
0.325222	-0.151562
0.381008	-0.330083
-0.120257	-0.114435
0.307809	-0.146606
0.361058	-0.314634
-0.117945	-0.117172
0.289628	-0.141339
0.340216	-0.298444
-0.115455	-0.120005
0.270721	-0.135775
0.318527	-0.281552
-0.1128	-0.122928
0.251127	-0.129932
0.29604	-0.263995
-0.109991	-0.125937
0.23089	-0.123824
0.272802	-0.245814
-0.107039	-0.129024
0.210051	-0.117471
0.248861	-0.227048
-0.103958	-0.132187
0.188655	-0.11089
0.224267	-0.207737
-0.100758	-0.135418
0.166746	-0.1041
0.19907	-0.187924
-0.0974542	-0.138712
0.144369	-0.0971186
0.17332	-0.16765
-0.0940581	-0.142065
0.12157	-0.0899666
0.14707	-0.146959
-0.0905832	-0.14547
0.098396	-0.0826635
0.12037	-0.125894
-0.0870428	-0.148923
0.0748949	-0.0752292
0.0932761	-0.1045
-0.0834504	-0.152416
0.051115	-0.0676843
0.0658408	-0.082821
-0.0798197	-0.155946
0.0271053	-0.0600493
0.0381196	-0.0609041
-0.0761646	-0.159504
0.00291553	-0.0523455
0.0101678	-0.0387952
-0.0724988	-0.163087
-0.0214043	-0.044594
-0.0179585	-0.0165414
-0.0688363	-0.166688
-0.0458036	-0.0368164
-0.0462031	0.00580999
-0.0651912	-0.1703
-0.0702314	-0.0290346
-0.0745093	0.0282112
-0.0615776	-0.173919
-0.0946365	-0.0212706
-0.10282	0.0506141
-0.0580097	-0.177539
-0.118967	-0.0135466
-0.131078	0.0729702
-0.0545014	-0.181154
-0.143171	-0.00588501
-0.159226	0.0952308
-0.051067	-0.184757
-0.167197	0.00169168
-0.187206	0.117347
-0.0477206	-0.188343
-0.19099	0.00916092
-0.214959	0.139269
-0.0444762	-0.191906
-0.214499	0.0165001
-0.242426	0.160948
-0.0413479	-0.19544
-0.237669	0.0236868
-0.269547	0.182333
-0.0383496	-0.198939
-0.260447	0.0306982
-0.296261	0.203373
-0.0354951	-0.202395
-0.282777	0.0375121
-0.322509	0.22402
-0.0327983	-0.205803
-0.304605	0.044106
-0.348228	0.244221
-0.0302727	-0.209155
-0.325876	0.0504578
-0.373356	0.263924
-0.0279317	-0.212445
-0.346534	0.0565455
-0.397829	0.28308
-0.0257885	-0.215665
-0.366522	0.0623473
-0.421584	0.301635
-0.0238563	-0.218809
-0.385786	0.0678417
-0.444557	0.319538
-0.0221476	-0.221867
-0.404268	0.0730077
-0.466683	0.336737
-0.020675	-0.224834
-0.421913	0.0778246
-0.487897	0.35318
-0.0194507	-0.2277
-0.438664	0.0822721
-0.508132	0.368815
-0.0184863	-0.230457
-0.454465	0.0863307
-0.527322	0.38359
-0.0177933	-0.233097
-0.46926	0.0899815
-0.545401	0.397454
-0.0173826	-0.235611
-0.482994	0.0932061
-0.562303	0.410356
-0.0172646	-0.237991
-0.495611	0.0959872
-0.57796	0.422246
-0.0174492	-0.240225
-0.507059	0.0983083
-0.592306	0.433073
-0.0179457	-0.242306
-0.517282	0.100154
-0.605274	0.44279
-0.0187629	-0.244224
-0.526231	0.10151
-0.6168	0.451347
-0.0199087	-0.245968
-0.533854	0.102364
-0.626818	0.4587
-0.0213903	-0.247528
-0.540103	0.102702
-0.635265	0.464803
-0.0232142	-0.248896
-0.544932	0.102516
-0.642081	0.469613
-0.0253859	-0.25006
-0.548298	0.101796
-0.647206	0.473091
-0.02791	-0.251011
-0.550161	0.100534
-0.650585	0.475198
-0.0307902	-0.25174
-0.550485	0.0987254
-0.652167	0.4759
-0.0340289	-0.252237
-0.549237	0.0963645
-0.651906	0.475165
-0.0376277	-0.252496
-0.546393	0.0934487
-0.649762	0.472968
-0.0415866	-0.252509
-0.541929	0.0899766
-0.645703	0.469286
-0.0459047	-0.252271
-0.535834	0.0859481
-0.639703	0.464102
-0.0505794	-0.251777
-0.528098	0.0813643
-0.631749	0.457405
-0.0556072	-0.251025
-0.518723	0.0762274
-0.621837	0.449191
-0.0609829	-0.250017
-0.507718	0.0705409
-0.609974	0.439462
-0.0667	-0.248754
-0.4951	0.0643092
-0.596182	0.428227
-0.0727505	-0.247241
-0.480895	0.0575374
-0.580491	0.415505
-0.0791253	-0.245486
-0.465138	0.0502318
-0.562949	0.401319
-0.085814	-0.243499
-0.447869	0.0423993
-0.543611	0.385704
-0.0928048	-0.241292
-0.429138	0.0340479
-0.522543	0.368697
-0.100085	-0.238878
-0.409	0.0251873
-0.499821	0.350346
-0.107641	-0.236271
-0.387513	0.0158283
-0.475523	0.330701
-0.11546	-0.233487
-0.364737	0.00598365
-0.449731	0.309817
-0.123525	-0.230538
-0.340736	-0.00433164
-0.422528	0.287754
-0.131821	-0.227439
-0.315568	-0.0151003
-0.39399	0.264569
-0.140334	-0.2242
-0.289296	-0.0263028
-0.364193	0.240321
-0.149047	-0.22083
-0.261974	-0.037917
-0.333204	0.215067
-0.157945	-0.217336
-0.23366	-0.0499189
-0.301085	0.188864
-0.16701	-0.213723
-0.204405	-0.0622826
-0.267893	0.161765
-0.176228	-0.209995
-0.174261	-0.0749812
-0.233681	0.13382
-0.18558	-0.206154
-0.14328	-0.0879868
-0.198502	0.10508
-0.19505	-0.202204
-0.111513	-0.101271
-0.162408	0.075594
-0.20462	-0.198148
-0.0790153	-0.114806
-0.125453	0.0454125
-0.214273	-0.193989
-0.0458419	-0.128563
-0.0876954	0.0145863
-0.22399	-0.189733
-0.0120517	-0.142515
-0.0491982	-0.0168312
-0.233752	-0.185386
0.0222936	-0.156633
-0.0100278	-0.0487842
-0.243539	-0.180954
0.0571303	-0.170891
0.029745	-0.0812145
-0.253334	-0.176446
0.0923928	-0.18526
0.0700472	-0.114061
-0.263115	-0.17187
0.128014	-0.19971
0.110804	-0.147262
-0.272863	-0.167232
0.163926	-0.214214
0.15194	-0.180754
-0.282557	-0.162542
0.200062	-0.22874
0.193382	-0.21447
-0.292177	-0.157805
0.236353	-0.243256
0.235054	-0.248347
-0.301702	-0.153027
0.272731	-0.257731
0.276887	-0.28232
-0.311113	-0.148216
0.309129	-0.272131
0.318807	-0.316322
-0.320387	-0.143375
0.345479	-0.286421
0.360746	-0.350289
-0.329505	-0.138509
0.381711	-0.300566
0.402633	-0.384156
-0.338444	-0.133624
0.417756	-0.314531
0.444397	-0.417855
-0.347184	-0.128723
0.453542	-0.32828
0.485966	-0.451321
-0.355703	-0.123812
0.488997	-0.341775
0.527267	-0.484485
-0.36398	-0.118896
0.524046	-0.354979
0.568226	-0.517277
-0.371992	-0.11398
0.558612	-0.367853
0.608764	-0.549626
-0.379718	-0.109068
0.592617	-0.38036
0.648803	-0.581457
-0.387135	-0.104168
0.625978	-0.392457
0.688263	-0.612695
-0.394221	-0.0992829
0.658614	-0.404105
0.72706	-0.643262
-0.400954	-0.0944196
0.690438	-0.41526
0.76511	-0.673079
-0.407311	-0.089583
0.721364	-0.425881
0.802329	-0.702064
-0.413269	-0.0847784
0.751302	-0.435921
0.838629	-0.730133
-0.418807	-0.0800105
0.780161	-0.445334
0.873924	-0.7572
-0.423903	-0.0752838
0.807847	-0.454074
0.908125	-0.783178
-0.428533	-0.0706025
0.834265	-0.46209
0.941144	-0.807977
-0.432676	-0.06597
0.859319	-0.469333
0.972893	-0.831505
-0.436311	-0.0613892
0.882909	-0.475749
1.00328	-0.85367
-0.439416	-0.0568623
0.904936	-0.481285
1.03223	-0.874377
-0.441971	-0.0523905
0.925297	-0.485884
1.05964	-0.893529
-0.443955	-0.0479741
0.943891	-0.489488
1.08543	-0.911028
-0.44535	-0.0436119
0.960612	-0.492037
1.10952	-0.926776
-0.446137	-0.039302
0.975358	-0.493468
1.13183	-0.940673
-0.446298	-0.0350403
0.988023	-0.493719
1.15229	-0.952617
-0.445817	-0.0308216
0.998501	-0.492721
1.17082	-0.962509
-0.444679	-0.0266387
1.00669	-0.490407
1.18734	-0.970245
-0.442869	-0.0224828
1.01248	-0.486704
1.2018	-0.975724
-0.104336	0
0.0600815	0
-0.0546515	0
-0.108003	-0.163942
0.0667852	-0.0252412
-0.0452509	-0.0799659
-0.112389	-0.191301
0.0838394	-0.215726
-0.0164509	-0.261941
-0.117571	-0.263122
0.11241	-0.232158
0.0342339	-0.122228
-0.123389	-0.19074
0.150431	-0.168572
0.102934	-0.0867806
-0.129202	-0.143444
0.189267	-0.104879
0.172707	-0.112085
-0.134485	-0.118269
0.221917	-0.109016
0.229897	-0.203948
-0.139426	-0.12886
0.251157	-0.137698
0.280358	-0.253401
-0.144257	-0.128384
0.280364	-0.151382
0.3311	-0.268731
-0.148786	-0.113828
0.307065	-0.140228
0.377456	-0.273464
-0.152733	-0.095104
0.327619	-0.127735
0.412431	-0.295361
-0.156001	-0.0874632
0.340822	-0.128734
0.433836	-0.324453
-0.15861	-0.089311
0.347025	-0.139417
0.442482	-0.344782
-0.160614	-0.0940391
0.347004	-0.148888
0.439942	-0.349981
-0.162058	-0.0977122
0.341395	-0.153816
0.427446	-0.346759
-0.162985	-0.102053
0.330729	-0.157671
0.405949	-0.341357
-0.163477	-0.109279
0.316069	-0.163842
0.377419	-0.334429
-0.16369	-0.119088
0.29944	-0.171732
0.345708	-0.323634
-0.163817	-0.128948
0.283401	-0.178503
0.315723	-0.308773
-0.164017	-0.136499
0.270015	-0.182167
0.291419	-0.292635
-0.164371	-0.140971
0.260321	-0.182825
0.274746	-0.278716
-0.164897	-0.142862
0.254517	-0.181688
0.266019	-0.268879
-0.165574	-0.142836
0.252278	-0.179641
0.264557	-0.263078
-0.166351	-0.14123
0.252898	-0.176853
0.268955	-0.260452
-0.167152	-0.138321
0.255326	-0.173351
0.277159	-0.260262
-0.167884	-0.13469
0.258303	-0.169511
0.28672	-0.261892
-0.168457	-0.131159
0.260617	-0.16595
0.295292	-0.264474
-0.168802	-0.128433
0.261323	-0.163096
0.30107	-0.266827
-0.168874	-0.12686
0.259834	-0.160988
0.302939	-0.26782
-0.168656	-0.126486
0.255874	-0.159431
0.300392	-0.266742
-0.168148	-0.12724
0.249427	-0.158239
0.293415	-0.263356
-0.167367	-0.129027
0.240699	-0.157307
0.282411	-0.25771
-0.166347	-0.131686
0.230094	-0.156526
0.268155	-0.249978
-0.165132	-0.134951
0.218163	-0.155707
0.251706	-0.240442
-0.163773	-0.13847
0.205526	-0.154611
0.234244	-0.229529
-0.162317	-0.141888
0.192766	-0.153029
0.216877	-0.217795
-0.160803	-0.144935
0.180347	-0.150851
0.200478	-0.20582
-0.15926	-0.147452
0.168566	-0.148068
0.185589	-0.194091
-0.157699	-0.149392
0.157537	-0.144741
0.172407	-0.182922
-0.156122	-0.150797
0.147215	-0.140969
0.160814	-0.172452
-0.154521	-0.151773
0.137425	-0.136874
0.150447	-0.162662
-0.152881	-0.152475
0.127912	-0.132588
0.140788	-0.153418
-0.151187	-0.153077
0.118393	-0.128239
0.131267	-0.144499
-0.149423	-0.153745
0.108603	-0.123932
0.121357	-0.135647
-0.147578	-0.15461
0.0983345	-0.119733
0.110639	-0.126607
-0.145647	-0.155755
0.0874587	-0.115672
0.0988519	-0.11717
-0.143632	-0.157214
0.075934	-0.111746
0.0859015	-0.1072
-0.141541	-0.158974
0.0638006	-0.107926
0.0718506	-0.0966407
-0.139387	-0.160985
0.0511652	-0.104169
0.0568907	-0.0855156
-0.137186	-0.163172
0.0381806	-0.100425
0.0412992	-0.073911
-0.134955	-0.165446
0.0250196	-0.0966462
0.0253919	-0.0619601
-0.132714	-0.16772
0.0118516	-0.0927944
0.00947506	-0.0498212
-0.130478	-0.169922
-0.00117765	-0.088848
-0.00619214	-0.0376551
-0.12826	-0.172001
-0.0139593	-0.0848045
-0.0214228	-0.0256048
-0.12607	-0.173931
-0.0264266	-0.0806787
-0.0361122	-0.0137805
-0.123917	-0.175711
-0.0385534	-0.0764986
-0.050234	-0.00225356
-0.121804	-0.177356
-0.0503469	-0.0723009
-0.0638266	0.00894364
-0.119734	-0.178897
-0.0618377	-0.0681257
-0.0769724	0.0198117
-0.117709	-0.180371
-0.0730678	-0.0640122
-0.0897746	0.0303749
-0.115731	-0.181814
-0.0840786	-0.0599948
-0.102335	0.0406706
-0.113802	-0.183255
-0.094902	-0.0561004
-0.114735	0.0507382
-0.111926	-0.184716
-0.105554	-0.0523474
-0.127026	0.0606103
-0.110108	-0.186207
-0.11603	-0.048746
-0.139219	0.0703051
-0.108353	-0.187725
-0.126307	-0.0452996
-0.151288	0.0798235
-0.106669	-0.189258
-0.136348	-0.0420067
-0.163178	0.0891481
-0.105064	-0.19079
-0.146101	-0.0388637
-0.174809	0.0982458
-0.103547	-0.192298
-0.155509	-0.0358669
-0.186092	0.107072
-0.102124	-0.19376
-0.164517	-0.033014
-0.196935	0.115575
-0.100804	-0.195156
-0.173072	-0.0303059
-0.207254	0.123703
-0.0995941	-0.196471
-0.181128	-0.0277467
-0.216982	0.131405
-0.0985	-0.197694
-0.188649	-0.025344
-0.226066	0.138638
-0.097527	-0.19882
-0.19561	-0.0231082
-0.234474	0.145368
-0.0966792	-0.199847
-0.201993	-0.0210516
-0.242187	0.151568
-0.0959603	-0.200779
-0.207787	-0.0191871
-0.249202	0.157222
-0.0953731	-0.20162
-0.212988	-0.0175279
-0.255521	0.16232
-0.0949201	-0.202376
-0.217591	-0.0160858
-0.261151	0.166855
-0.0946035	-0.203053
-0.221593	-0.0148712
-0.2661	0.170826
-0.0944254	-0.203653
-0.224991	-0.0138924
-0.270369	0.17423
-0.0943877	-0.20418
-0.227777	-0.0131554
-0.273955	0.177064
-0.0944924	-0.204634
-0.229941	-0.0126641
-0.276849	0.179324
-0.0947413	-0.205011
-0.231471	-0.012421
-0.279034	0.181001
-0.0951362	-0.205308
-0.232354	-0.0124268
-0.280491	0.182086
-0.0956783	-0.20552
-0.232573	-0.0126815
-0.281197	0.182567
-0.0963691	-0.205641
-0.232114	-0.0131846
-0.281127	0.18243
-0.0972091	-0.205667
-0.230965	-0.0139354
-0.280261	0.181664
-0.0981987	-0.205593
-0.229114	-0.0149334
-0.278579	0.180257
-0.0993376	-0.205415
-0.226554	-0.016178
-0.27607	0.178199
-0.100625	-0.205132
-0.22328	-0.017669
-0.272725	0.175484
-0.10206	-0.204742
-0.219292	-0.0194062
-0.268543	0.172108
-0.103639	-0.204246
-0.214594	-0.0213891
-0.263527	0.168072
-0.105362	-0.203646
-0.209192	-0.0236173
-0.257685	0.163378
-0.107224	-0.202944
-0.203093	-0.0260894
-0.251029	0.158033
-0.109222	-0.202142
-0.196309	-0.0288036
-0.243573	0.152046
-0.111353	-0.201244
-0.188853	-0.031757
-0.235335	0.145428
-0.113612	-0.200252
-0.180737	-0.0349459
-0.22633	0.138191
-0.115995	-0.199169
-0.171975	-0.0383655
-0.216575	0.130347
-0.118497	-0.197998
-0.162582	-0.0420101
-0.206088	0.121912
-0.121113	-0.196739
-0.152574	-0.045873
-0.194886	0.112899
-0.123837	-0.195394
-0.141966	-0.0499468
-0.182986	0.103325
-0.126664	-0.193966
-0.130774	-0.0542234
-0.170405	0.0932042
-0.129587	-0.192455
-0.119018	-0.0586941
-0.157162	0.0825536
-0.132601	-0.190864
-0.106715	-0.0633498
-0.143278	0.0713906
-0.135697	-0.189193
-0.0938864	-0.0681811
-0.128774	0.0597337
-0.138871	-0.187446
-0.0805545	-0.0731781
-0.113676	0.0476028
-0.142112	-0.185625
-0.0667429	-0.0783309
-0.0980087	0.0350193
-0.145416	-0.183733
-0.0524769	-0.0836288
-0.0818015	0.0220059
-0.148772	-0.181774
-0.0377834	-0.0890612
-0.0650847	0.008587
-0.152173	-0.179751
-0.0226906	-0.094617
-0.0478906	-0.00521195
-0.155611	-0.177669
-0.00722744	-0.100284
-0.0302525	-0.019364
-0.159076	-0.17553
0.0085758	-0.106052
-0.0122052	-0.0338414
-0.16256	-0.17334
0.0246883	-0.111906
0.00621623	-0.0486153
-0.166053	-0.171102
0.0410786	-0.117835
0.0249759	-0.0636562
-0.169547	-0.168821
0.0577147	-0.123824
0.0440378	-0.0789342
-0.173031	-0.166499
0.074564	-0.129861
0.0633653	-0.0944188
-0.176497	-0.164142
0.0915937	-0.13593
0.0829216	-0.110079
-0.179935	-0.161752
0.10877	-0.142018
0.102669	-0.125883
-0.183334	-0.159334
0.12606	-0.14811
0.122571	-0.1418
-0.186686	-0.156892
0.143427	-0.15419
0.142588	-0.157797
-0.18998	-0.154429
0.160838	-0.160244
0.162681	-0.173841
-0.193205	-0.151949
0.178256	-0.166257
0.182811	-0.1899
-0.196353	-0.149458
0.195645	-0.172212
0.202936	-0.205939
-0.199413	-0.146958
0.212969	-0.178095
0.223016	-0.221924
-0.202374	-0.144456
0.230188	-0.18389
0.243007	-0.23782
-0.205227	-0.141954
0.247267	-0.189581
0.262868	-0.253593
-0.207961	-0.139459
0.264165	-0.195153
0.282554	-0.269205
-0.210566	-0.136975
0.280846	-0.200591
0.302023	-0.284623
-0.213033	-0.134507
0.297268	-0.205877
0.321229	-0.299807
-0.21535	-0.132059
0.313394	-0.210998
0.340127	-0.314724
-0.217509	-0.129638
0.329184	-0.215936
0.358674	-0.329335
-0.219499	-0.127247
0.344599	-0.220677
0.376823	-0.343605
-0.22131	-0.124893
0.359598	-0.225205
0.39453	-0.357495
-0.222934	-0.122581
0.374143	-0.229505
0.411749	-0.37097
-0.22436	-0.120315
0.388193	-0.233562
0.428433	-0.383993
-0.22558	-0.118101
0.40171	-0.23736
0.444538	-0.396527
-0.226584	-0.115945
0.414653	-0.240886
0.460017	-0.408535
-0.227365	-0.113853
0.426985	-0.244125
0.474825	-0.419982
-0.227912	-0.11183
0.438666	-0.247064
0.488916	-0.430831
-0.22822	-0.109882
0.449658	-0.249689
0.502243	-0.441047
-0.228278	-0.108015
0.459923	-0.251988
0.514763	-0.450595
-0.228081	-0.106235
0.469424	-0.253948
0.526429	-0.459441
-0.227621	-0.104547
0.478125	-0.255558
0.537199	-0.46755
-0.226892	-0.102959
0.485991	-0.256806
0.547027	-0.47489
-0.225886	-0.101475
0.492987	-0.257682
0.555873	-0.48143
-0.224599	-0.100103
0.499081	-0.258176
0.563695	-0.487137
-0.223026	-0.0988465
0.50424	-0.258281
0.570452	-0.491984
-0.221162	-0.0977129
0.508437	-0.257987
0.576109	-0.495941
-0.219002	-0.0967073
0.511643	-0.257287
0.580627	-0.498984
-0.216544	-0.095835
0.513833	-0.256176
0.583975	-0.501088
-0.213784	-0.095101
0.514984	-0.254647
0.586122	-0.50223
-0.210721	-0.0945099
0.515075	-0.252696
0.587041	-0.50239
-0.207354	-0.0940657
0.51409	-0.25032
0.586707	-0.501552
-0.203681	-0.093772
0.512015	-0.247515
0.585101	-0.499701
-0.199703	-0.0936317
0.508838	-0.244281
0.582208	-0.496825
-0.19542	-0.093647
0.504553	-0.240616
0.578016	-0.492915
-0.190836	-0.0938195
0.499156	-0.236521
0.57252	-0.487967
-0.185951	-0.0941497
0.492648	-0.231996
0.565718	-0.481979
-0.18077	-0.0946373
0.485034	-0.227044
0.557615	-0.474952
-0.175297	-0.0952812
0.476323	-0.221667
0.54822	-0.466893
-0.169537	-0.0960792
0.466526	-0.215869
0.537549	-0.45781
-0.163494	-0.0970285
0.455661	-0.209655
0.525622	-0.447716
-0.157177	-0.0981253
0.443747	-0.20303
0.512464	-0.436628
-0.150592	-0.0993652
0.430808	-0.196002
0.498104	-0.424565
-0.143747	-0.100743
0.41687	-0.188577
0.482575	-0.41155
-0.136651	-0.102253
0.401963	-0.180765
0.465914	-0.39761
-0.129312	-0.103891
0.386117	-0.172575
0.44816	-0.382771
-0.12174	-0.105649
0.369367	-0.164017
0.429354	-0.367064
-0.113945	-0.107522
0.351747	-0.155104
0.409537	-0.350522
-0.105938	-0.109504
0.333294	-0.145848
0.388755	-0.333177
-0.0977297	-0.111589
0.314044	-0.136263
0.36705	-0.315066
-0.0893314	-0.113773
0.294035	-0.126365
0.344467	-0.296223
-0.0807545	-0.116049
0.273307	-0.116168
0.321051	-0.276685
-0.0720113	-0.118413
0.251897	-0.105689
0.296847	-0.256489
-0.0631137	-0.12086
0.229848	-0.0949464
0.271899	-0.235673
-0.0540746	-0.123385
0.207199	-0.0839569
0.246253	-0.214275
-0.0449065	-0.125983
0.183992	-0.0727391
0.219957	-0.192335
-0.0356228	-0.128651
0.16027	-0.0613119
0.193057	-0.169893
-0.0262366	-0.131382
0.136076	-0.0496945
0.165602	-0.146988
-0.0167616	-0.134172
0.111454	-0.0379063
0.137641	-0.123663
-0.0072115	-0.137016
0.0864501	-0.0259674
0.109224	-0.099959
0.00239961	-0.139908
0.0611095	-0.0138978
0.0804029	-0.0759197
0.0120576	-0.142843
0.0354791	-0.00171808
0.0512297	-0.0515888
0.0217482	-0.145817
0.00960624	0.0105508
0.0217569	-0.0270105
0.0314569	-0.148823
-0.0164614	0.0228878
-0.00796236	-0.00222996
0.0411692	-0.151856
-0.0426757	0.0352712
-0.0378746	0.0227075
0.0508705	-0.154911
-0.0689878	0.0476794
-0.0679261	0.047756
0.060546	-0.157983
-0.095349	0.0600901
-0.0980628	0.0728693
0.070181	-0.161066
-0.12171	0.0724812
-0.128231	0.0980008
0.0797605	-0.164155
-0.148021	0.0848298
-0.158375	0.123104
0.0892699	-0.167245
-0.174231	0.0971134
-0.188441	0.148131
0.098694	-0.170332
-0.200291	0.109309
-0.218373	0.173035
0.108018	-0.173408
-0.226148	0.121394
-0.248114	0.197767
0.117227	-0.17647
-0.251752	0.133344
-0.277609	0.22228
0.126307	-0.179511
-0.27705	0.145137
-0.3068	0.246524
0.135242	-0.182525
-0.301989	0.15675
-0.335628	0.270451
0.144017	-0.185507
-0.326515	0.168159
-0.364034	0.29401
0.152618	-0.188451
-0.350576	0.179342
-0.391959	0.31715
0.161031	-0.191351
-0.374116	0.190275
-0.419341	0.339823
0.16924	-0.194199
-0.39708	0.200935
-0.446119	0.361975
0.177231	-0.196989
-0.419412	0.211299
-0.47223	0.383556
0.184991	-0.199715
-0.441057	0.221346
-0.497611	0.404513
0.192505	-0.202369
-0.461958	0.231051
-0.522198	0.424795
0.199759	-0.204944
-0.482059	0.240394
-0.545925	0.444349
0.20674	-0.207432
-0.501302	0.249353
-0.568728	0.463122
0.213435	-0.209825
-0.519629	0.257905
-0.590539	0.481062
0.219831	-0.212116
-0.536984	0.266032
-0.61129	0.498115
0.225916	-0.214295
-0.553308	0.273711
-0.630913	0.514228
0.231677	-0.216353
-0.568545	0.280925
-0.649339	0.529349
0.237102	-0.218281
-0.582636	0.287655
-0.666498	0.543426
0.242182	-0.220069
-0.595524	0.293882
-0.68232	0.556405
0.246904	-0.221707
-0.607153	0.299592
-0.696733	0.568236
0.251261	-0.223185
-0.617466	0.304769
-0.709667	0.578867
0.255241	-0.22449
-0.62641	0.309398
-0.721049	0.588249
0.258837	-0.225613
-0.633931	0.313468
-0.730809	0.596334
0.262041	-0.22654
-0.639977	0.316968
-0.738878	0.603072
0.264846	-0.227261
-0.644498	0.319889
-0.745186	0.608421
0.267247	-0.227762
-0.647448	0.322224
-0.749666	0.612337
0.269239	-0.228031
-0.648785	0.323967
-0.752257	0.614779
0.270817	-0.228058
-0.648469	0.325116
-0.752897	0.61571
0.271981	-0.22783
-0.646468	0.325667
-0.751535	0.6151
0.272728	-0.227337
-0.642752	0.325622
-0.748124	0.612918
0.273059	-0.226571
-0.637302	0.324982
-0.742627	0.609144
0.272975	-0.225522
-0.630107	0.323751
-0.735018	0.60376
0.272481	-0.224188
-0.621163	0.321933
-0.725284	0.59676
0.271581	-0.222565
-0.610479	0.319534
-0.713429	0.588141
0.270282	-0.220655
-0.598075	0.316559
-0.699471	0.577915
0.268592	-0.218463
-0.583983	0.313017
-0.683452	0.566099
0.266523	-0.215998
-0.568248	0.308913
-0.66543	0.552725
0.264085	-0.213276
-0.550928	0.304254
-0.645484	0.537834
0.261292	-0.210314
-0.532092	0.299048
-0.623711	0.521479
0.25816	-0.207133
-0.511817	0.293302
-0.600224	0.503722
0.254703	-0.20376
-0.490191	0.287024
-0.575147	0.484636
0.25094	-0.200218
-0.467301	0.280225
-0.548608	0.4643
0.246887	-0.196534
-0.44324	0.272917
-0.520735	0.442797
0.242562	-0.192732
-0.418092	0.265117
-0.491649	0.420211
0.237982	-0.188829
-0.391939	0.256843
-0.461457	0.396625
0.233165	-0.184841
-0.364854	0.24812
-0.430251	0.372116
0.228127	-0.180778
-0.336901	0.238975
-0.398104	0.346755
0.222885	-0.176643
-0.308135	0.229441
-0.365073	0.320606
0.217455	-0.172436
-0.278607	0.219549
-0.331202	0.293723
0.211853	-0.168154
-0.24836	0.209336
-0.296527	0.266154
0.206097	-0.163794
-0.217439	0.198835
-0.261079	0.237945
0.200202	-0.159352
-0.18589	0.188081
-0.224894	0.209136
0.194185	-0.154826
-0.153762	0.177105
-0.188016	0.179773
0.188066	-0.150218
-0.12111	0.165939
-0.150498	0.1499
0.181862	-0.145533
-0.0879984	0.154609
-0.112405	0.11957
0.175592	-0.140779
-0.0544932	0.143142
-0.0738141	0.0888406
0.169275	-0.135966
-0.020668	0.131565
-0.0348107	0.0577746
0.162932	-0.131107
0.0134014	0.119902
0.00451425	0.0264402
0.156583	-0.126215
0.0476375	0.108182
0.044068	-0.0050909
0.150248	-0.121301
0.0819635	0.09643
0.0837591	-0.0367456
0.143946	-0.116378
0.116304	0.0846771
0.1235	-0.0684508
0.137698	-0.111454
0.150586	0.0729538
0.163208	-0.100134
0.131524	-0.106537
0.184738	0.0612925
0.202807	-0.131726
0.125442	-0.101632
0.218693	0.0497269
0.242224	-0.16316
0.119473	-0.0967449
0.252383	0.0382913
0.28139	-0.194368
0.113636	-0.0918792
0.285742	0.0270205
0.320238	-0.225288
0.107951	-0.0870392
0.318701	0.0159491
0.3587	-0.255855
0.102436	-0.0822292
0.351192	0.00511169
0.396706	-0.286007
0.0971114	-0.0774543
0.383144	-0.00545745
0.434184	-0.315677
0.091997	-0.0727206
0.414485	-0.0157243
0.471057	-0.344799
0.0871122	-0.0680348
0.445138	-0.0256552
0.507245	-0.373305
0.0824766	-0.0634049
0.475026	-0.0352164
0.542665	-0.401122
0.07811	-0.0588394
0.504068	-0.0443745
0.577229	-0.428179
0.0740319	-0.0543474
0.532181	-0.0530954
0.610848	-0.454398
0.0702617	-0.0499387
0.559282	-0.0613454
0.643427	-0.479704
0.0668188	-0.0456235
0.585283	-0.0690906
0.674871	-0.504017
0.0637222	-0.0414124
0.610099	-0.0762971
0.705084	-0.527256
0.0609906	-0.0373164
0.633639	-0.0829307
0.733966	-0.54934
0.0586425	-0.0333467
0.655813	-0.0889577
0.761414	-0.570187
0.0566959	-0.0295154
0.676529	-0.0943449
0.787325	-0.589713
0.0551684	-0.0258355
0.695694	-0.0990595
0.811591	-0.607834
0.0540769	-0.0223203
0.713212	-0.10307
0.834101	-0.624463
0.0534381	-0.0189847
0.728988	-0.106345
0.854742	-0.639513
0.0532677	-0.0158447
0.742922	-0.108856
0.873393	-0.652899
0.0535808	-0.0129181
0.754913	-0.110577
0.88993	-0.66453
0.0543918	-0.0102245
0.76486	-0.111482
0.904223	-0.674317
0.0557142	-0.00778563
0.772657	-0.111549
0.916135	-0.682169
0.0575605	-0.00562579
0.778197	-0.110761
0.925521	-0.687995
0.0599424	-0.00377222
0.781373	-0.109103
0.932229	-0.691702
0.0628701	-0.0022554
0.782073	-0.106565
0.936096	-0.693196
0.0663529	-0.00110914
0.780186	-0.103142
0.936952	-0.692384
0.0703987	-0.000371265
0.775598	-0.0988366
0.934618	-0.689171
0.0750136	-8.3351e-05
0.768197	-0.0936555
0.928905	-0.683465
0.0802025	-0.000290877
0.757873	-0.0876136
0.91962	-0.675173
0.0859678	-0.00104254
0.744518	-0.0807327
0.906563	-0.664207
0.0923099	-0.0023897
0.728034	-0.0730419
0.889541	-0.65048
0.0992266	-0.00438423
0.708336	-0.0645767
0.868368	-0.633917
0.106712	-0.00707625
0.685361	-0.055378
0.842886	-0.614452
0.114757	-0.0105092
0.659075	-0.0454892
0.812981	-0.592036
0.123345	-0.0147143
0.629491	-0.0349525
0.778608	-0.566646
0.132457	-0.0197015
0.596686	-0.0238033
0.739828	-0.538294
0.142063	-0.0254488
0.560815	-0.0120622
0.696848	-0.507041
0.152125	-0.0318905
0.522137	0.000272837
0.650054	-0.473011
0.162598	-0.0389068
0.481016	0.0132342
0.600036	-0.436408
0.173427	-0.0463198
0.437916	0.0268862
0.547574	-0.39753
0.184554	-0.053905
0.39336	0.0413159
0.493568	-0.356762
0.195918	-0.0614192
0.347871	0.0566106
0.438922	-0.314562
0.207468	-0.0686446
0.301895	0.0728252
0.384403	-0.271412
0.21916	-0.0754329
0.255745	0.0899541
0.330521	-0.227755
0.230963	-0.0817328
0.209568	0.10792
0.277474	-0.183927
0.242858	-0.0875905
0.163353	0.126587
0.225155	-0.140115
0.254835	-0.0931275
0.116964	0.145785
0.17322	-0.0963461
0.26689	-0.0985083
0.0701921	0.16534
0.121184	-0.0525205
0.279019	-0.103909
0.0228068	0.185091
0.0685235	-0.00845566
0.291216	-0.109489
-0.0253943	0.204909
0.0147699	0.0360596
0.303472	-0.115372
-0.0745476	0.224694
-0.040416	0.0812191
0.315768	-0.121632
-0.124701	0.244388
-0.0972017	0.127163
0.32808	-0.128288
-0.175807	0.263966
-0.15557	0.173956
0.340376	-0.135308
-0.227732	0.283431
-0.215339	0.22157
0.35262	-0.142622
-0.280279	0.302803
-0.276206	0.269899
0.364773	-0.150138
-0.333215	0.322098
-0.337803	0.318765
0.376794	-0.157766
-0.386301	0.341322
-0.399755	0.36795
0.388644	-0.165425
-0.439316	0.360462
-0.461726	0.417225
0.400284	-0.173057
-0.492069	0.379481
-0.523445	0.466372
0.411679	-0.180631
-0.544406	0.398324
-0.584718	0.5152
0.422796	-0.188136
-0.59621	0.41692
-0.645422	0.563555
0.433605	-0.19558
-0.647389	0.435188
-0.705497	0.611315
0.444075	-0.202986
-0.697874	0.453043
-0.764923	0.658388
0.454176	-0.210381
-0.747608	0.470393
-0.823709	0.704698
0.46388	-0.2178
-0.796535	0.487148
-0.881878	0.750183
0.473157	-0.225277
-0.844603	0.503214
-0.939457	0.794782
0.481978	-0.232848
-0.891752	0.518495
-0.996478	0.838435
0.49031	-0.240551
-0.937922	0.532892
-1.05297	0.881075
0.498125	-0.248426
-0.98305	0.546297
-1.10899	0.922628
-0.160099	0
-0.0517817	0
0.113145	0
-0.15891	-0.110605
-0.0569742	0.131098
0.103411	0.1574
-0.156921	-0.0444032
-0.0735638	0.0505847
0.0727796	-0.0482326
-0.154257	-0.141101
-0.0999432	0.00679061
0.0242824	0.0112048
-0.150957	-0.142661
-0.135704	-0.0188081
-0.0415466	0.0383162
-0.146976	-0.162337
-0.181666	-0.00136629
-0.126723	0.110926
-0.142367	-0.169399
-0.237351	-0.00411522
-0.230745	0.132297
-0.137531	-0.205216
-0.297572	-0.0253567
-0.343779	0.166251
-0.133105	-0.24156
-0.353925	-0.0529062
-0.449666	0.211362
-0.129382	-0.271274
-0.402766	-0.0658742
-0.54183	0.271898
-0.126411	-0.288248
-0.443773	-0.067863
-0.62027	0.323035
-0.1242	-0.302048
-0.477126	-0.0695177
-0.685918	0.358967
-0.122753	-0.316079
-0.502993	-0.0766176
-0.739618	0.382939
-0.122072	-0.329937
-0.521526	-0.0861113
-0.782109	0.4027
-0.122158	-0.340761
-0.532853	-0.094526
-0.814026	0.418817
-0.123011	-0.348301
-0.53706	-0.101768
-0.835867	0.428724
-0.12463	-0.353702
-0.534182	-0.109899
-0.847975	0.430571
-0.127016	-0.357956
-0.524198	-0.12006
-0.850532	0.425072
-0.130168	-0.360957
-0.507026	-0.131936
-0.843561	0.413394
-0.134089	-0.362243
-0.482528	-0.144865
-0.826925	0.395795
-0.138779	-0.361602
-0.450508	-0.158722
-0.800324	0.371722
-0.144242	-0.359102
-0.410708	-0.173739
-0.763295	0.340698
-0.150479	-0.354744
-0.362812	-0.190008
-0.715201	0.302608
-0.157496	-0.348316
-0.306446	-0.207308
-0.655227	0.257443
-0.165294	-0.339465
-0.241174	-0.225282
-0.582376	0.205016
-0.173879	-0.327824
-0.166506	-0.243592
-0.495463	0.144958
-0.183255	-0.313019
-0.0819006	-0.261903
-0.393116	0.0768674
-0.193427	-0.294614
0.0132271	-0.279795
-0.273783	0.000376425
-0.204396	-0.272084
0.11949	-0.296731
-0.135761	-0.08488
-0.216165	-0.244831
0.237495	-0.312078
0.0227398	-0.179308
-0.228723	-0.212238
0.367748	-0.325171
0.203388	-0.283348
-0.242023	-0.173747
0.510236	-0.335381
0.406852	-0.39741
-0.255835	-0.129211
0.662537	-0.342417
0.628944	-0.521702
-0.269597	-0.0804564
0.818063	-0.347665
0.857137	-0.655477
-0.282791	-0.032552
0.971104	-0.355233
1.08094	-0.795343
-0.148509	0
-0.0751408	0
0.146829	0
-0.144443	-0.100051
-0.0833808	0.183719
0.139902	0.22868
-0.139575	-0.00201999
-0.103216	0.134434
0.112434	0.00800049
-0.13391	-0.100894
-0.134672	0.0927224
0.0642577	0.0487874
-0.127453	-0.109555
-0.177878	0.0563819
-0.00513301	0.0689608
-0.120204	-0.134683
-0.233043	0.0756943
-0.0965149	0.159414
-0.112165	-0.138016
-0.300428	0.0849977
-0.210877	0.198211
-0.103391	-0.171181
-0.379644	0.0752505
-0.347988	0.24341
-0.0942733	-0.212976
-0.465753	0.0495527
-0.498564	0.298091
-0.0854718	-0.258171
-0.550341	0.0300577
-0.646536	0.378207
-0.0773592	-0.292228
-0.628971	0.0224835
-0.783964	0.461558
-0.0699937	-0.319656
-0.701434	0.0215855
-0.911353	0.536128
-0.0633871	-0.345543
-0.768112	0.0175717
-1.03036	0.59692
-0.0575402	-0.37322
-0.829493	0.00829609
-1.14281	0.650568
-0.34027	0
-0.0583183	0
0.140457	0
-0.341327	-0.100356
-0.0589279	-0.00649462
0.13038	0.0108407
-0.341583	-0.100333
-0.0709692	-0.0923385
0.0996946	-0.076176
-0.341064	-0.152597
-0.0941601	-0.108945
0.0487217	-0.00138336
-0.339775	-0.14691
-0.128564	-0.108896
-0.0230257	0.0275362
-0.33771	-0.165844
-0.174444	-0.109481
-0.116537	0.0596299
-0.334982	-0.192667
-0.230496	-0.136635
-0.229763	0.0750272
-0.332147	-0.236183
-0.289377	-0.170676
-0.348653	0.116838
-0.329836	-0.272721
-0.342784	-0.197139
-0.457362	0.17203
-0.328247	-0.299375
-0.388342	-0.209719
-0.551935	0.228869
-0.327417	-0.318319
-0.42589	-0.218102
-0.63278	0.270927
-0.327353	-0.336643
-0.455559	-0.229893
-0.70082	0.299684
-0.328059	-0.354772
-0.477507	-0.245447
-0.756974	0.320871
-0.329536	-0.370951
-0.491889	-0.261187
-0.802083	0.338163
-0.331782	-0.383837
-0.498819	-0.275912
-0.836856	0.349773
-0.334797	-0.394275
-0.498358	-0.291062
-0.861849	0.353586
-0.338581	-0.403386
-0.490509	-0.308296
-0.877457	0.349341
-0.343132	-0.411553
-0.475216	-0.327904
-0.88392	0.338133
-0.348453	-0.418474
-0.452361	-0.349422
-0.881321	0.320545
-0.354543	-0.423916
-0.421767	-0.372631
-0.869589	0.296286
-0.361406	-0.427928
-0.383197	-0.397773
-0.848499	0.264807
-0.369042	-0.430629
-0.336353	-0.425133
-0.817667	0.225844
-0.377456	-0.431975
-0.280875	-0.454742
-0.776545	0.179337
-0.386651	-0.431756
-0.216347	-0.486437
-0.724421	0.125141
-0.396629	-0.429709
-0.142294	-0.52003
-0.660406	0.0629242
-0.407396	-0.425574
-0.0581863	-0.555358
-0.583435	-0.00773472
-0.418956	-0.419051
0.0365497	-0.592211
-0.492263	-0.0872415
-0.431312	-0.409761
0.142528	-0.630269
-0.385469	-0.175982
-0.444467	-0.397239
0.260384	-0.669102
-0.261467	-0.274365
-0.458424	-0.380957
0.390763	-0.708194
-0.118531	-0.38283
-0.473182	-0.360339
0.534285	-0.746955
0.0451611	-0.501828
-0.488737	-0.33477
0.691525	-0.784725
0.231465	-0.631781
0.230285	0
-0.115873	0
-0.0538158	0
0.234322	-0.179704
-0.118421	0.405912
-0.0513231	0.525609
0.23865	0.0523427
-0.125695	0.346939
-0.0575106	0.0746706
0.243111	-0.124766
-0.135541	0.267842
-0.0680491	0.0985646
0.24729	-0.126755
-0.142296	0.186728
-0.0715947	0.0804923
0.25148	-0.142299
-0.150025	0.23666
-0.0762579	0.207226
0.256081	-0.0930957
-0.164326	0.286661
-0.0932322	0.212411
0.26145	-0.0946459
-0.190189	0.300432
-0.132559	0.20019
0.267455	-0.114933
-0.225933	0.274259
-0.191024	0.187967
0.273641	-0.14654
-0.265496	0.253795
-0.256735	0.22407
0.279594	-0.162609
-0.303417	0.252528
-0.319054	0.274313
0.285236	-0.170414
-0.338873	0.262961
-0.376635	0.318366
0.290532	-0.177584
-0.371589	0.269168
-0.429205	0.346722
0.295371	-0.18887
-0.400253	0.268749
-0.474409	0.370434
0.299634	-0.199345
-0.423458	0.268104
-0.50968	0.395622
0.303274	-0.205115
-0.440709	0.272368
-0.534207	0.420519
0.306295	-0.206073
-0.452188	0.280191
-0.548457	0.43929
0.308727	-0.204702
-0.458361	0.288092
-0.553394	0.450177
0.310606	-0.202347
-0.459758	0.294703
-0.550053	0.455195
0.311979	-0.198797
-0.45702	0.300959
-0.539634	0.456749
0.312918	-0.193578
-0.451117	0.307775
-0.523954	0.45544
0.313533	-0.187153
-0.443466	0.314779
-0.505693	0.451063
0.31395	-0.180747
-0.435725	0.320804
-0.488006	0.444144
0.314279	-0.17558
-0.42935	0.324957
-0.473667	0.436296
0.314593	-0.17228
-0.42527	0.327085
-0.464432	0.429382
0.314918	-0.170898
-0.42383	0.327553
-0.460923	0.424639
0.315245	-0.171203
-0.424878	0.326783
-0.46282	0.422437
0.315533	-0.172888
-0.427885	0.325072
-0.469076	0.422548
0.315722	-0.175578
-0.432054	0.322668
-0.478143	0.424482
0.315743	-0.178792
-0.436468	0.319883
-0.488252	0.427607
0.315528	-0.182
-0.440242	0.317041
-0.497716	0.431154
0.31502	-0.18476
-0.442644	0.31436
-0.505151	0.434277
0.314181	-0.186791
-0.443144	0.311901
-0.509565	0.436217
0.312984	-0.187957
-0.441406	0.309621
-0.510343	0.436427
0.311418	-0.188207
-0.437272	0.307459
-0.507202	0.434597
0.309486	-0.187544
-0.430745	0.305358
-0.500162	0.430595
0.307202	-0.186029
-0.421976	0.30325
-0.489513	0.424409
0.304592	-0.183794
-0.411246	0.301027
-0.475788	0.416139
0.301687	-0.181033
-0.398938	0.298552
-0.459707	0.406001
0.298525	-0.177978
-0.385488	0.295683
-0.442089	0.394317
0.295147	-0.174863
-0.371335	0.292297
-0.423753	0.381479
0.291585	-0.171895
-0.356866	0.288307
-0.405417	0.367896
0.287868	-0.169228
-0.342368	0.283674
-0.387605	0.353939
0.284013	-0.166947
-0.328003	0.278407
-0.3706	0.3399
0.280031	-0.165061
-0.313807	0.272564
-0.354439	0.325963
0.27592	-0.163514
-0.2997	0.266237
-0.338943	0.312189
0.271676	-0.162201
-0.285524	0.259533
-0.323775	0.298531
0.26729	-0.160993
-0.271076	0.252562
-0.308521	0.284854
0.262753	-0.159758
-0.256148	0.245416
-0.292753	0.270978
0.258059	-0.158379
-0.240556	0.23817
-0.276096	0.256709
0.253204	-0.156768
-0.224169	0.23087
-0.258274	0.241873
0.24819	-0.15487
-0.206918	0.223541
-0.239131	0.226338
0.243025	-0.152669
-0.188803	0.216183
-0.218643	0.210029
0.237722	-0.150185
-0.169886	0.208778
-0.196908	0.192931
0.232297	-0.147466
-0.150284	0.201296
-0.174123	0.175091
0.226769	-0.144581
-0.130146	0.193701
-0.150547	0.156606
0.221159	-0.141605
-0.109635	0.185964
-0.126466	0.13761
0.215486	-0.138613
-0.0889081	0.178061
-0.102154	0.118252
0.20977	-0.135664
-0.0681018	0.169984
-0.077838	0.098683
0.204027	-0.132801
-0.0473191	0.161742
-0.0536845	0.0790361
0.19827	-0.130043
-0.0266272	0.153357
-0.0297878	0.059416
0.192511	-0.127391
-0.00605882	0.144863
-0.00617568	0.0398937
0.186759	-0.124827
0.0143805	0.136302
0.0171768	0.0205073
0.181021	-0.122327
0.0347033	0.127718
0.0403287	0.0012676
0.175305	-0.119858
0.054929	0.119152
0.0633525	-0.0178334
0.169618	-0.117392
0.0750744	0.110642
0.0863146	-0.0368127
0.163968	-0.114905
0.0951457	0.102219
0.109261	-0.0556867
0.158365	-0.112384
0.115133	0.0939045
0.132205	-0.0744634
0.152818	-0.109826
0.13501	0.0857162
0.155129	-0.0931368
0.147341	-0.107236
0.154732	0.0776642
0.177982	-0.111685
0.141944	-0.104628
0.174242	0.0697559
0.200684	-0.130071
0.136642	-0.102021
0.193473	0.0619972
0.223143	-0.148242
0.131448	-0.099436
0.212355	0.0543943
0.245254	-0.166138
0.126374	-0.096895
0.230817	0.0469559
0.266917	-0.183693
0.121435	-0.0944163
0.248793	0.0396933
0.288037	-0.200841
0.116641	-0.0920147
0.266224	0.0326205
0.308534	-0.21752
0.112005	-0.0897011
0.283056	0.0257545
0.328341	-0.233673
0.107537	-0.0874822
0.299245	0.0191145
0.347404	-0.249249
0.103247	-0.0853611
0.314753	0.0127207
0.365684	-0.264205
0.0991441	-0.0833386
0.329546	0.00659384
0.383148	-0.278506
0.095237	-0.0814142
0.343595	0.000754132
0.39977	-0.292119
0.0915341	-0.079587
0.356869	-0.00477926
0.415523	-0.305018
0.0880435	-0.0778567
0.369341	-0.00998881
0.430383	-0.317174
0.084773	-0.0762245
0.38098	-0.0148587
0.444319	-0.328563
0.0817301	-0.0746928
0.391754	-0.0193749
0.457297	-0.339157
0.0789222	-0.0732662
0.401628	-0.0235255
0.469276	-0.348928
0.0763563	-0.0719506
0.410568	-0.0272999
0.480213	-0.357845
0.0740393	-0.0707534
0.418535	-0.030689
0.49006	-0.365876
0.0719775	-0.0696825
0.425494	-0.0336847
0.49877	-0.37299
0.0701767	-0.0687466
0.431408	-0.0362796
0.506291	-0.379152
0.0686422	-0.0679543
0.436242	-0.0384675
0.512577	-0.384331
0.0673785	-0.0673138
0.439965	-0.0402424
0.517582	-0.388497
0.0663895	-0.0668325
0.442547	-0.0415989
0.521267	-0.39162
0.0656782	-0.0665168
0.443964	-0.0425323
0.523597	-0.393675
0.0652468	-0.066372
0.444196	-0.0430381
0.524542	-0.394641
0.0650965	-0.0664022
0.443226	-0.0431128
0.52408	-0.3945
0.0652278	-0.0666102
0.441044	-0.0427535
0.522195	-0.393239
0.0656401	-0.0669976
0.437642	-0.0419584
0.518877	-0.390847
0.066332	-0.0675651
0.43302	-0.0407263
0.514124	-0.387322
0.0673012	-0.068312
0.427179	-0.0390572
0.507937	-0.382661
0.0685445	-0.0692368
0.420127	-0.0369522
0.500327	-0.376869
0.0700578	-0.0703374
0.411875	-0.0344136
0.491305	-0.369954
0.0718364	-0.0716107
0.402436	-0.0314449
0.480891	-0.361927
0.0738745	-0.0730532
0.391831	-0.0280509
0.469107	-0.352802
0.0761659	-0.0746609
0.38008	-0.0242375
0.45598	-0.342599
0.0787033	-0.0764294
0.367207	-0.0200121
0.441539	-0.331338
0.0814791	-0.0783538
0.35324	-0.0153829
0.425819	-0.319044
0.0844847	-0.0804292
0.338209	-0.0103598
0.408855	-0.305743
0.0877111	-0.0826501
0.322147	-0.00495334
0.390686	-0.291463
0.0911486	-0.0850113
0.305087	0.000824433
0.371353	-0.276237
0.094787	-0.087507
0.287066	0.00696069
0.350898	-0.260098
0.0986156	-0.0901316
0.268123	0.0134415
0.329368	-0.243079
0.102623	-0.0928792
0.248296	0.0202519
0.306808	-0.225219
0.106798	-0.0957441
0.227629	0.0273762
0.283266	-0.206555
0.111128	-0.0987205
0.206163	0.0347976
0.258793	-0.187128
0.115601	-0.101802
0.183942	0.0424989
0.233437	-0.166977
0.120203	-0.104984
0.161011	0.0504616
0.207251	-0.146145
0.124922	-0.108259
0.137418	0.058667
0.180288	-0.124675
0.129744	-0.111623
0.113208	0.0670954
0.152599	-0.102611
0.134656	-0.115069
0.0884291	0.0757266
0.12424	-0.0799976
0.139642	-0.118591
0.0631311	0.0845398
0.0952639	-0.0568811
0.14469	-0.122184
0.037363	0.0935135
0.0657267	-0.0333077
0.149783	-0.125843
0.0111752	0.102626
0.0356841	-0.0093245
0.154908	-0.129561
-0.0153814	0.111855
0.00519254	0.0150206
0.160049	-0.133333
-0.0422551	0.121177
-0.025691	0.0396791
0.165192	-0.137153
-0.0693933	0.13057
-0.0569088	0.0646017
0.17032	-0.141015
-0.0967429	0.14001
-0.0884025	0.0897386
0.175418	-0.144915
-0.12425	0.149473
-0.120113	0.115039
0.180471	-0.148845
-0.15186	0.158934
-0.151981	0.140453
0.185463	-0.152801
-0.179518	0.168369
-0.183945	0.165927
0.190378	-0.156776
-0.207168	0.177753
-0.215944	0.191409
0.1952	-0.160764
-0.234752	0.187061
-0.247917	0.216847
0.199912	-0.16476
-0.262213	0.196268
-0.2798	0.242186
0.2045	-0.168756
-0.289494	0.205347
-0.31153	0.267372
0.208945	-0.172748
-0.316534	0.214273
-0.343042	0.292349
0.213234	-0.176729
-0.343274	0.223019
-0.374271	0.317062
0.217348	-0.180691
-0.369652	0.231559
-0.40515	0.341454
0.221273	-0.18463
-0.395608	0.239867
-0.435612	0.365468
0.224991	-0.188536
-0.421078	0.247915
-0.465587	0.389045
0.228487	-0.192405
-0.445999	0.255678
-0.495006	0.412127
0.231744	-0.196227
-0.470307	0.263128
-0.523797	0.434654
0.234747	-0.199997
-0.493935	0.270238
-0.551888	0.456565
0.23748	-0.203705
-0.516818	0.276983
-0.579205	0.4778
0.239928	-0.207344
-0.538888	0.283334
-0.605672	0.498295
0.242074	-0.210905
-0.560076	0.289266
-0.631212	0.517989
0.243903	-0.214379
-0.580314	0.294754
-0.655746	0.536818
0.245401	-0.217757
-0.599532	0.29977
-0.679194	0.554719
0.246553	-0.221029
-0.617657	0.304291
-0.701474	0.571625
0.247345	-0.224184
-0.634619	0.308291
-0.722499	0.587472
0.247763	-0.227211
-0.650344	0.311746
-0.742185	0.602194
0.247794	-0.230097
-0.66476	0.314635
-0.760443	0.615726
0.247424	-0.232832
-0.677791	0.316936
-0.777181	0.627999
0.246641	-0.2354
-0.689365	0.318628
-0.792307	0.638949
0.245435	-0.237788
-0.699406	0.319693
-0.805726	0.648507
0.243793	-0.23998
-0.70784	0.320114
-0.81734	0.656609
0.241707	-0.241959
-0.714593	0.319875
-0.82705	0.663188
0.239166	-0.243709
-0.719591	0.318966
-0.834754	0.668178
0.236163	-0.245209
-0.722762	0.317375
-0.840352	0.671517
0.232691	-0.246442
-0.724037	0.315096
-0.843739	0.673141
0.228743	-0.247386
-0.723347	0.312123
-0.844813	0.672991
0.224315	-0.248021
-0.720629	0.308456
-0.843476	0.67101
0.219404	-0.248325
-0.715825	0.304096
-0.83963	0.667145
0.214009	-0.248277
-0.708884	0.299048
-0.833187	0.661347
0.20813	-0.247857
-0.699762	0.293319
-0.824067	0.653575
0.201768	-0.247048
-0.688431	0.286919
-0.812208	0.643795
0.19493	-0.245834
-0.674873	0.27986
-0.797565	0.631984
0.187622	-0.244205
-0.659091	0.272153
-0.780121	0.618129
0.179854	-0.24216
-0.641108	0.263812
-0.759891	0.602237
0.171638	-0.239702
-0.620971	0.254846
-0.736933	0.584328
0.162991	-0.236848
-0.598756	0.245265
-0.711346	0.564445
0.153932	-0.233625
-0.574568	0.235074
-0.683282	0.542654
0.144481	-0.230074
-0.548536	0.224273
-0.65294	0.519047
0.134665	-0.226246
-0.520818	0.212861
-0.620561	0.493738
0.124508	-0.222201
-0.491583	0.200834
-0.586414	0.466864
0.114037	-0.218002
-0.461009	0.18819
-0.550779	0.43858
0.10328	-0.213713
-0.429266	0.174933
-0.513921	0.409047
0.0922626	-0.209386
-0.396505	0.161073
-0.476072	0.378425
0.081008	-0.205059
-0.362849	0.146637
-0.437405	0.346859
0.0695383	-0.200751
-0.328386	0.131661
-0.39803	0.314472
0.0578725	-0.196462
-0.29317	0.116193
-0.357992	0.281357
0.0460281	-0.192175
-0.257226	0.100292
-0.317277	0.247573
0.034021	-0.187859
-0.220559	0.0840198
-0.275836	0.213151
0.021867	-0.183479
-0.183164	0.0674366
-0.233598	0.178102
0.0095821	-0.179001
-0.145039	0.0506
-0.190501	0.142426
-0.00281658	-0.174395
-0.106195	0.0335595
-0.146506	0.106121
-0.0153101	-0.169645
-0.0666639	0.0163565
-0.101613	0.0691956
-0.0278779	-0.164747
-0.0264983	-0.000976999
-0.0558627	0.0316757
-0.0404971	-0.159708
0.014225	-0.0184157
-0.0093433	-0.00639246
-0.0531437	-0.154549
0.0554108	-0.0359394
0.0378238	-0.044941
-0.0657923	-0.149296
0.0969515	-0.0535292
0.0854937	-0.0838833
-0.0784173	-0.143977
0.138734	-0.0711651
0.133512	-0.123119
-0.0909926	-0.138622
0.180647	-0.0888226
0.181729	-0.162542
-0.103493	-0.133253
0.222585	-0.106472
0.230009	-0.202044
-0.115893	-0.127888
0.264452	-0.124079
0.278236	-0.241524
-0.128169	-0.122537
0.306164	-0.141601
0.326315	-0.280888
-0.140297	-0.117205
0.347644	-0.158996
0.374171	-0.320053
-0.152253	-0.111891
0.388823	-0.176215
0.421743	-0.358942
-0.164015	-0.106591
0.429635	-0.19321
0.468979	-0.397489
-0.175559	-0.101301
0.470015	-0.209934
0.51583	-0.435629
-0.186863	-0.0960177
0.509896	-0.226338
0.562244	-0.473298
-0.197902	-0.0907378
0.549206	-0.242374
0.608163	-0.510433
-0.208652	-0.0854608
0.58787	-0.257996
0.653524	-0.546963
-0.21909	-0.0801878
0.625804	-0.273157
0.698251	-0.582815
-0.22919	-0.0749217
0.662922	-0.287809
0.742266	-0.61791
-0.238926	-0.0696664
0.69913	-0.301905
0.785482	-0.652164
-0.248275	-0.0644264
0.734332	-0.315394
0.827808	-0.685486
-0.257209	-0.059206
0.768428	-0.328223
0.869152	-0.717784
-0.265704	-0.0540087
0.801317	-0.340339
0.909424	-0.748959
-0.273734	-0.0488365
0.832895	-0.351682
0.948533	-0.778914
-0.281274	-0.0436896
0.863058	-0.362192
0.986394	-0.807546
-0.288299	-0.0385658
0.891703	-0.371802
1.02293	-0.834753
-0.294784	-0.0334601
0.918727	-0.380445
1.05806	-0.860433
-0.300707	-0.0283641
0.944028	-0.388045
1.09173	-0.884484
-0.306044	-0.0232651
0.967509	-0.394525
1.12389	-0.906802
-0.310774	-0.0181462
0.989074	-0.3998
1.1545	-0.927288
-0.314876	-0.0129844
1.00863	-0.40378
1.18353	-0.945844
0.355281	0
0.168442	0
0.0906827	0
0.358867	-0.102015
0.167777	0.419238
0.0834158	0.295013
0.363111	0.0413177
0.159012	0.239692
0.0588959	-0.268546
0.367349	-0.194759
0.151266	0.0717496
0.0352416	-0.226833
0.370778	-0.202162
0.155568	0.00393842
0.0343945	-0.161822
0.373402	-0.183586
0.171919	0.0945105
0.0563038	-0.0212748
0.375375	-0.113915
0.198243	0.156836
0.0968743	-0.0594818
0.376767	-0.105742
0.233747	0.158663
0.154688	-0.128637
0.377451	-0.106837
0.280359	0.131622
0.233883	-0.186238
0.377411	-0.0971102
0.33853	0.133082
0.335724	-0.202961
0.376997	-0.0602943
0.4038	0.161824
0.451749	-0.230084
0.376866	-0.019235
0.467598	0.192443
0.565445	-0.28312
0.377404	0.0112988
0.52512	0.205795
0.667946	-0.35163
0.378674	0.0299073
0.575945	0.207525
0.759109	-0.410579
0.380687	0.0463338
0.620262	0.211177
0.83994	-0.452601
0.383453	0.064838
0.658266	0.221794
0.911425	-0.484255
0.386978	0.0837697
0.69018	0.235253
0.974551	-0.513491
0.391259	0.100203
0.716238	0.247721
1.0303	-0.540469
0.396298	0.114149
0.736655	0.259791
1.07957	-0.561777
0.40209	0.127287
0.751603	0.274104
1.12319	-0.575738
0.408636	0.140783
0.761213	0.29198
1.16187	-0.583487
0.415934	0.1546
0.765573	0.313104
1.19625	-0.586472
